date,open,high,low,close,volume,dividend,split
2015-01-05,1.6842999458312988,1.6891599893569946,1.674589991569519,1.6842999458312988,4558192,0,1
2015-01-06,1.6697399616241455,1.6891599893569946,1.6600300073623657,1.6842999458312988,9896170,0,1
2015-01-07,1.6891599893569946,1.7522599697113037,1.6794500350952148,1.7522599697113037,14762363,0,1
2015-01-08,1.7328399419784546,1.7376899719238281,1.7085700035095215,1.7231299877166748,10860344,0,1
2015-01-09,1.7134300470352173,1.7474000453948975,1.7134300470352173,1.7376899719238281,6934633,0,1
2015-01-12,1.7328399419784546,1.7716699838638306,1.7328399419784546,1.7474000453948975,7610378,0,1
2015-01-13,1.7328399419784546,1.7619600296020508,1.7328399419784546,1.7474000453948975,7356974,0,1
2015-01-14,1.7619600296020508,1.7619600296020508,1.7376899719238281,1.7571099996566772,8711555,0,1
2015-01-15,1.766819953918457,1.7765300273895264,1.7522599697113037,1.7571099996566772,9161709,0,1
2015-01-16,1.742550015449524,1.766819953918457,1.7328399419784546,1.766819953918457,16718523,0,1
2015-01-19,1.7571099996566772,1.7716699838638306,1.7522599697113037,1.766819953918457,12136329,0,1
2015-01-20,1.7619600296020508,1.7910900115966797,1.7619600296020508,1.7813800573349,15699033,0,1
2015-01-21,1.7910900115966797,1.844480037689209,1.7910900115966797,1.844480037689209,19591471,0,1
2015-01-22,1.8250700235366821,1.849329948425293,1.7959400415420532,1.849329948425293,17312169,0,1
2015-01-23,1.8590400218963623,1.8784600496292114,1.849329948425293,1.868749976158142,18144078,0,1
2015-01-26,1.8590400218963623,1.8590400218963623,1.8202099800109863,1.8541899919509888,7125922,0,1
2015-01-27,1.805649995803833,1.8153599500656128,1.7862299680709839,1.7862299680709839,13682200,0,1
2015-01-28,1.8007999658584595,1.8153599500656128,1.7862299680709839,1.7959400415420532,9215377,0,1
2015-01-29,1.7910900115966797,1.7959400415420532,1.7279900312423706,1.7279900312423706,12679397,0,1
2015-01-30,1.7522599697113037,1.7522599697113037,1.7182799577713013,1.7182799577713013,22428660,0,1
2015-02-02,1.7182799577713013,1.7231299877166748,1.703719973564148,1.7182799577713013,10825114,0,1
2015-02-03,1.7085700035095215,1.7474000453948975,1.6988600492477417,1.7474000453948975,14646785,0,1
2015-02-04,1.7474000453948975,1.7619600296020508,1.7474000453948975,1.7571099996566772,9654200,0,1
2015-02-05,1.7522599697113037,1.7571099996566772,1.7376899719238281,1.7474000453948975,5020810,0,1
2015-02-06,1.7279900312423706,1.7619600296020508,1.7279900312423706,1.7474000453948975,15398655,0,1
2015-02-09,1.742550015449524,1.742550015449524,1.7231299877166748,1.7231299877166748,10491568,0,1
2015-02-10,1.7134300470352173,1.742550015449524,1.703719973564148,1.7376899719238281,14719201,0,1
2015-02-11,1.7328399419784546,1.742550015449524,1.7182799577713013,1.7279900312423706,5739305,0,1
2015-02-12,1.7231299877166748,1.7231299877166748,1.6842999458312988,1.6988600492477417,11838733,0,1
2015-02-13,1.7134300470352173,1.7328399419784546,1.703719973564148,1.7182799577713013,8851752,0,1
2015-02-16,1.7134300470352173,1.7279900312423706,1.6940100193023682,1.7231299877166748,4202189,0,1
2015-02-17,1.7182799577713013,1.742550015449524,1.7182799577713013,1.742550015449524,7540332,0,1
2015-02-18,1.7522599697113037,1.7571099996566772,1.7231299877166748,1.7328399419784546,6409076,0,1
2015-02-23,1.7231299877166748,1.7376899719238281,1.7231299877166748,1.7279900312423706,10542146,0,1
2015-02-24,1.7279900312423706,1.742550015449524,1.7231299877166748,1.7279900312423706,9694786,0,1
2015-02-25,1.7376899719238281,1.7571099996566772,1.7328399419784546,1.7474000453948975,10831604,0,1
2015-02-26,1.7522599697113037,1.7522599697113037,1.7328399419784546,1.7376899719238281,5234659,0,1
2015-02-27,1.7376899719238281,1.7376899719238281,1.7085700035095215,1.7134300470352173,14619488,0,1
2015-03-02,1.7182799577713013,1.7231299877166748,1.6940100193023682,1.703719973564148,12067415,0,1
2015-03-03,1.6988600492477417,1.7279900312423706,1.6988600492477417,1.7279900312423706,7409406,0,1
2015-03-04,1.7279900312423706,1.7376899719238281,1.7182799577713013,1.7231299877166748,5456233,0,1
2015-03-05,1.7279900312423706,1.742550015449524,1.7231299877166748,1.7279900312423706,7180003,0,1
2015-03-06,1.7328399419784546,1.7474000453948975,1.7279900312423706,1.7328399419784546,7328234,0,1
2015-03-09,1.7085700035095215,1.7134300470352173,1.6988600492477417,1.703719973564148,13209693,0,1
2015-03-10,1.7182799577713013,1.7328399419784546,1.6794500350952148,1.6842999458312988,11549481,0,1
2015-03-11,1.6648900508880615,1.674589991569519,1.6600300073623657,1.6648900508880615,21012185,0,1
2015-03-12,1.6600300073623657,1.6648900508880615,1.6406199932098389,1.650320053100586,18010474,0,1
2015-03-13,1.6406199932098389,1.6600300073623657,1.6406199932098389,1.6454700231552124,11429680,0,1
2015-03-16,1.6454700231552124,1.674589991569519,1.6454700231552124,1.6648900508880615,9430153,0,1
2015-03-17,1.6697399616241455,1.6794500350952148,1.6406199932098389,1.6454700231552124,8666025,0,1
2015-03-18,1.6406199932098389,1.6648900508880615,1.630910038948059,1.650320053100586,8019019,0,1
2015-03-19,1.6842999458312988,1.6988600492477417,1.6794500350952148,1.6891599893569946,13285714,0,1
2015-03-20,1.674589991569519,1.6794500350952148,1.6454700231552124,1.650320053100586,18871432,0,1
2015-03-23,1.6697399616241455,1.6940100193023682,1.6697399616241455,1.6940100193023682,8833313,0,1
2015-03-24,1.6891599893569946,1.7182799577713013,1.6891599893569946,1.703719973564148,5829953,0,1
2015-03-25,1.6988600492477417,1.7085700035095215,1.6891599893569946,1.6988600492477417,5810279,0,1
2015-03-26,1.6988600492477417,1.7182799577713013,1.6940100193023682,1.7182799577713013,13552510,0,1
2015-03-27,1.703719973564148,1.7182799577713013,1.6988600492477417,1.6988600492477417,6681434,0,1
2015-03-30,1.6988600492477417,1.7231299877166748,1.6988600492477417,1.7085700035095215,5652467,0,1
2015-03-31,1.7182799577713013,1.7231299877166748,1.6940100193023682,1.7134300470352173,9835394,0,1
2015-04-01,1.6988600492477417,1.7134300470352173,1.6940100193023682,1.7085700035095215,6627972,0,1
2015-04-02,1.7085700035095215,1.7231299877166748,1.6891599893569946,1.7085700035095215,9655230,0,1
2015-04-06,1.7085700035095215,1.7182799577713013,1.6988600492477417,1.7134300470352173,3684152,0,1
2015-04-07,1.7231299877166748,1.7376899719238281,1.6988600492477417,1.6988600492477417,6887866,0,1
2015-04-08,1.703719973564148,1.7231299877166748,1.6891599893569946,1.7182799577713013,12336271,0,1
2015-04-09,1.7231299877166748,1.7231299877166748,1.7085700035095215,1.7134300470352173,8028393,0,1
2015-04-10,1.7134300470352173,1.7231299877166748,1.6988600492477417,1.703719973564148,3912834,0,1
2015-04-13,1.703719973564148,1.7182799577713013,1.703719973564148,1.7085700035095215,8568886,0,1
2015-04-14,1.7134300470352173,1.7134300470352173,1.6940100193023682,1.7085700035095215,14628450,0,1
2015-04-15,1.703719973564148,1.7134300470352173,1.6940100193023682,1.6940100193023682,10391133,0,1
2015-04-16,1.6988600492477417,1.7134300470352173,1.6794500350952148,1.6988600492477417,6825648,0,1
2015-04-17,1.6940100193023682,1.6988600492477417,1.6648900508880615,1.6648900508880615,12216986,0,1
2015-04-20,1.6551799774169922,1.6697399616241455,1.650320053100586,1.6551799774169922,10610854,0,1
2015-04-21,1.6600300073623657,1.6842999458312988,1.6600300073623657,1.674589991569519,9727646,0,1
2015-04-22,1.674589991569519,1.6842999458312988,1.6600300073623657,1.6697399616241455,12182992,0,1
2015-04-23,1.6794500350952148,1.6842999458312988,1.6551799774169922,1.6551799774169922,12291050,0,1
2015-04-24,1.650320053100586,1.6551799774169922,1.635759949684143,1.650320053100586,17588854,0,1
2015-04-27,1.6406199932098389,1.6648900508880615,1.6406199932098389,1.6600300073623657,16926706,0,1
2015-04-28,1.6600300073623657,1.6648900508880615,1.6454700231552124,1.6600300073623657,14768131,0,1
2015-04-29,1.6600300073623657,1.6600300073623657,1.635759949684143,1.6406199932098389,6742622,0,1
2015-04-30,1.630910038948059,1.6454700231552124,1.630910038948059,1.6454700231552124,9037479,0,1
2015-05-04,1.635759949684143,1.6454700231552124,1.6211999654769897,1.6406199932098389,7491402,0,1
2015-05-05,1.635759949684143,1.6454700231552124,1.630910038948059,1.6406199932098389,2459672,0,1
2015-05-06,1.630910038948059,1.635759949684143,1.6163500547409058,1.630910038948059,9101345,0,1
2015-05-07,1.6211999654769897,1.6211999654769897,1.5823700428009033,1.5969300270080566,18670665,0,1
2015-05-08,1.5969300270080566,1.6066399812698364,1.56781005859375,1.5775200128555298,13734220,0,1
2015-05-11,1.5872199535369873,1.592079997062683,1.56781005859375,1.5775200128555298,14633600,0,1
2015-05-12,1.56781005859375,1.5775200128555298,1.5629600286483765,1.572659969329834,10156786,0,1
2015-05-13,1.5775200128555298,1.592079997062683,1.572659969329834,1.5823700428009033,6686070,0,1
2015-05-14,1.5775200128555298,1.6066399812698364,1.5775200128555298,1.601789951324463,16529705,0,1
2015-05-15,1.6066399812698364,1.61149001121521,1.5969300270080566,1.5969300270080566,5392985,0,1
2015-05-18,1.5969300270080566,1.61149001121521,1.592079997062683,1.601789951324463,6471912,0,1
2015-05-19,1.6066399812698364,1.6066399812698364,1.5823700428009033,1.592079997062683,9126170,0,1
2015-05-20,1.5872199535369873,1.6066399812698364,1.5872199535369873,1.5969300270080566,5868067,0,1
2015-05-21,1.6066399812698364,1.6163500547409058,1.601789951324463,1.6066399812698364,8484418,0,1
2015-05-22,1.6066399812698364,1.61149001121521,1.5969300270080566,1.601789951324463,7661162,0,1
2015-05-25,1.6066399812698364,1.6066399812698364,1.5823700428009033,1.5872199535369873,5163788,0,1
2015-05-26,1.5872199535369873,1.5872199535369873,1.572659969329834,1.5775200128555298,8956719,0,1
2015-05-27,1.572659969329834,1.5872199535369873,1.56781005859375,1.5775200128555298,10242078,0,1
2015-05-28,1.5775200128555298,1.592079997062683,1.572659969329834,1.572659969329834,11056372,0,1
2015-05-29,1.5629600286483765,1.5775200128555298,1.5532499551773071,1.56781005859375,18235448,0,1
2015-06-02,1.572659969329834,1.5775200128555298,1.5532499551773071,1.5629600286483765,12784056,0,1
2015-06-03,1.5532499551773071,1.56781005859375,1.5483900308609009,1.5629600286483765,13354731,0,1
2015-06-04,1.5532499551773071,1.5580999851226807,1.5386799573898315,1.5435400009155273,13323828,0,1
2015-06-05,1.5386799573898315,1.5435400009155273,1.5144200325012207,1.5192699432373047,15721798,0,1
2015-06-08,1.5144200325012207,1.528980016708374,1.5047099590301514,1.5192699432373047,12593899,0,1
2015-06-09,1.5144200325012207,1.5144200325012207,1.4561699628829956,1.4852900505065918,23148407,0,1
2015-06-10,1.4852900505065918,1.509559988975525,1.4852900505065918,1.490149974822998,7590909,0,1
2015-06-11,1.4998500347137451,1.509559988975525,1.4852900505065918,1.5047099590301514,7163933,0,1
2015-06-12,1.5047099590301514,1.5338300466537476,1.4950000047683716,1.5338300466537476,7770456,0,1
2015-06-15,1.5241199731826782,1.5386799573898315,1.509559988975525,1.5192699432373047,8210309,0,1
2015-06-16,1.5241199731826782,1.5338300466537476,1.4950000047683716,1.528980016708374,7935787,0,1
2015-06-17,1.528980016708374,1.528980016708374,1.5047099590301514,1.5192699432373047,6787019,0,1
2015-06-18,1.5047099590301514,1.5192699432373047,1.4950000047683716,1.5192699432373047,5935230,0,1
2015-06-19,1.5192699432373047,1.5241199731826782,1.4852900505065918,1.490149974822998,14200855,0,1
2015-06-22,1.4852900505065918,1.5241199731826782,1.4852900505065918,1.509559988975525,9402855,0,1
2015-06-23,1.5144200325012207,1.5241199731826782,1.509559988975525,1.5192699432373047,6576673,0,1
2015-06-24,1.5192699432373047,1.528980016708374,1.509559988975525,1.509559988975525,9430771,0,1
2015-06-25,1.5047099590301514,1.5241199731826782,1.4998500347137451,1.5144200325012207,6694104,0,1
2015-06-26,1.5192699432373047,1.5241199731826782,1.5144200325012207,1.5144200325012207,4674593,0,1
2015-06-29,1.4998500347137451,1.5047099590301514,1.4804400205612183,1.4950000047683716,6882201,0,1
2015-06-30,1.4852900505065918,1.5192699432373047,1.4804400205612183,1.5144200325012207,7786937,0,1
2015-07-01,1.5144200325012207,1.5144200325012207,1.4950000047683716,1.5047099590301514,5943498,0,1
2015-07-02,1.5047099590301514,1.5192699432373047,1.4950000047683716,1.4998500347137451,6905275,0,1
2015-07-03,1.5047099590301514,1.5241199731826782,1.5047099590301514,1.5192699432373047,5306354,0,1
2015-07-06,1.4998500347137451,1.5144200325012207,1.4998500347137451,1.509559988975525,2412597,0,1
2015-07-07,1.5047099590301514,1.5144200325012207,1.4950000047683716,1.4998500347137451,6699873,0,1
2015-07-08,1.4998500347137451,1.5047099590301514,1.4852900505065918,1.490149974822998,8023963,0,1
2015-07-09,1.4804400205612183,1.490149974822998,1.4755799770355225,1.4804400205612183,6085109,0,1
2015-07-10,1.4755799770355225,1.4804400205612183,1.465880036354065,1.470729947090149,6876947,0,1
2015-07-13,1.465880036354065,1.4852900505065918,1.4610199928283691,1.4755799770355225,8303842,0,1
2015-07-14,1.4804400205612183,1.4998500347137451,1.470729947090149,1.470729947090149,8536850,0,1
2015-07-15,1.470729947090149,1.4852900505065918,1.4561699628829956,1.4610199928283691,11923201,0,1
2015-07-16,1.465880036354065,1.465880036354065,1.4561699628829956,1.4561699628829956,9045205,0,1
2015-07-20,1.465880036354065,1.470729947090149,1.4464600086212158,1.4513200521469116,10432955,0,1
2015-07-21,1.4464600086212158,1.4561699628829956,1.436750054359436,1.4416099786758423,16793823,0,1
2015-07-22,1.4416099786758423,1.4464600086212158,1.4319000244140625,1.436750054359436,11093894,0,1
2015-07-23,1.4319000244140625,1.4416099786758423,1.4270399808883667,1.4270399808883667,7868315,0,1
2015-07-24,1.4416099786758423,1.4513200521469116,1.4319000244140625,1.436750054359436,11326876,0,1
2015-07-27,1.4464600086212158,1.4464600086212158,1.4270399808883667,1.436750054359436,6777542,0,1
2015-07-28,1.4270399808883667,1.4270399808883667,1.4076299667358398,1.4076299667358398,10444698,0,1
2015-07-29,1.4173400402069092,1.4270399808883667,1.4076299667358398,1.4173400402069092,11673505,0,1
2015-07-30,1.3785099983215332,1.3930699825286865,1.3785099983215332,1.3833600282669067,10359715,0,1
2015-07-31,1.3736499547958374,1.39792001247406,1.3736499547958374,1.3833600282669067,13586915,0,1
2015-08-03,1.3785099983215332,1.3833600282669067,1.3445299863815308,1.359089970588684,16547938,0,1
2015-08-04,1.3785099983215332,1.4027800559997559,1.3736499547958374,1.3833600282669067,11198938,0,1
2015-08-05,1.3785099983215332,1.39792001247406,1.3736499547958374,1.39792001247406,8086078,0,1
2015-08-06,1.39792001247406,1.4027800559997559,1.3736499547958374,1.3833600282669067,6470501,0,1
2015-08-07,1.3833600282669067,1.3833600282669067,1.3833600282669067,1.3833600282669067,0,0,1
2015-08-11,1.3785099983215332,1.3833600282669067,1.3251099586486816,1.339669942855835,23280981,0,1
2015-08-12,1.3299700021743774,1.3445299863815308,1.3105499744415283,1.3251099586486816,14876601,0,1
2015-08-13,1.3299700021743774,1.3299700021743774,1.3105499744415283,1.3154100179672241,8851958,0,1
2015-08-14,1.3056999444961548,1.3056999444961548,1.2862800359725952,1.3008400201797485,19316332,0,1
2015-08-17,1.3105499744415283,1.3251099586486816,1.2911399602890015,1.295989990234375,16017436,0,1
2015-08-18,1.3056999444961548,1.3251099586486816,1.295989990234375,1.3056999444961548,17398389,0,1
2015-08-19,1.3154100179672241,1.3202600479125977,1.2765699625015259,1.2862800359725952,13618025,0,1
2015-08-20,1.295989990234375,1.3008400201797485,1.271720051765442,1.2862800359725952,10420182,0,1
2015-08-21,1.2814300060272217,1.2814300060272217,1.2474499940872192,1.257159948348999,15302753,0,1
2015-08-24,1.2377400398254395,1.2425999641418457,1.2280399799346924,1.232890009880066,15865806,0,1
2015-08-25,1.2134699821472168,1.2474499940872192,1.1892000436782837,1.2425999641418457,22436093,0,1
2015-08-26,1.2280399799346924,1.2425999641418457,1.2134699821472168,1.2280399799346924,8714749,0,1
2015-08-27,1.2425999641418457,1.2862800359725952,1.2425999641418457,1.2862800359725952,16896009,0,1
2015-08-28,1.295989990234375,1.3154100179672241,1.295989990234375,1.3008400201797485,11965126,0,1
2015-08-31,1.3105499744415283,1.3105499744415283,1.2765699625015259,1.2911399602890015,9923056,0,1
2015-09-01,1.2862800359725952,1.2862800359725952,1.2620099782943726,1.2620099782943726,9583123,0,1
2015-09-02,1.2620099782943726,1.2911399602890015,1.2620099782943726,1.2668700218200684,13335674,0,1
2015-09-03,1.2668700218200684,1.271720051765442,1.252310037612915,1.2668700218200684,6910425,0,1
2015-09-04,1.271720051765442,1.2862800359725952,1.257159948348999,1.2668700218200684,11782386,0,1
2015-09-07,1.2668700218200684,1.2765699625015259,1.252310037612915,1.2620099782943726,5294714,0,1
2015-09-08,1.2620099782943726,1.295989990234375,1.252310037612915,1.2814300060272217,9234537,0,1
2015-09-09,1.2911399602890015,1.3154100179672241,1.2814300060272217,1.3105499744415283,13152728,0,1
2015-09-10,1.2911399602890015,1.2911399602890015,1.271720051765442,1.2765699625015259,6372095,0,1
2015-09-14,1.2765699625015259,1.2765699625015259,1.2474499940872192,1.2620099782943726,7345540,0,1
2015-09-15,1.2620099782943726,1.2765699625015259,1.2425999641418457,1.2668700218200684,17518498,0,1
2015-09-16,1.271720051765442,1.295989990234375,1.2668700218200684,1.295989990234375,12977508,0,1
2015-09-17,1.295989990234375,1.3154100179672241,1.2862800359725952,1.3154100179672241,13937974,0,1
2015-09-18,1.3202600479125977,1.3493800163269043,1.295989990234375,1.295989990234375,18768731,0,1
2015-09-21,1.2814300060272217,1.3056999444961548,1.2814300060272217,1.3008400201797485,4371950,0,1
2015-09-22,1.3056999444961548,1.3299700021743774,1.295989990234375,1.3154100179672241,8698370,0,1
2015-09-23,1.3056999444961548,1.3154100179672241,1.2862800359725952,1.2911399602890015,11952662,0,1
2015-09-25,1.3008400201797485,1.3056999444961548,1.2862800359725952,1.2911399602890015,10701811,0,1
2015-09-28,1.295989990234375,1.3008400201797485,1.271720051765442,1.2911399602890015,9043144,0,1
2015-09-29,1.2814300060272217,1.2862800359725952,1.2620099782943726,1.2862800359725952,8094422,0,1
2015-09-30,1.3008400201797485,1.3008400201797485,1.2814300060272217,1.3008400201797485,11547421,0,1
2015-10-01,1.2862800359725952,1.3008400201797485,1.2814300060272217,1.2814300060272217,7132309,0,1
2015-10-02,1.2814300060272217,1.295989990234375,1.2668700218200684,1.2814300060272217,5441297,0,1
2015-10-05,1.3008400201797485,1.3202600479125977,1.295989990234375,1.3105499744415283,6556483,0,1
2015-10-06,1.3154100179672241,1.3542399406433105,1.2911399602890015,1.339669942855835,14916981,0,1
2015-10-07,1.334820032119751,1.359089970588684,1.3202600479125977,1.3542399406433105,8441463,0,1
2015-10-08,1.3639500141143799,1.3688000440597534,1.3299700021743774,1.3493800163269043,6349227,0,1
2015-10-09,1.3493800163269043,1.3542399406433105,1.339669942855835,1.3445299863815308,8838464,0,1
2015-10-12,1.339669942855835,1.3736499547958374,1.339669942855835,1.359089970588684,10915145,0,1
2015-10-13,1.3639500141143799,1.3882100582122803,1.3445299863815308,1.3493800163269043,7000662,0,1
2015-10-14,1.3445299863815308,1.3688000440597534,1.3299700021743774,1.339669942855835,10186143,0,1
2015-10-15,1.3639500141143799,1.3639500141143799,1.334820032119751,1.3493800163269043,8456708,0,1
2015-10-16,1.3542399406433105,1.3785099983215332,1.3493800163269043,1.3736499547958374,8812505,0,1
2015-10-19,1.3639500141143799,1.3785099983215332,1.359089970588684,1.3736499547958374,5644535,0,1
2015-10-20,1.3639500141143799,1.3833600282669067,1.3493800163269043,1.3542399406433105,9033667,0,1
2015-10-21,1.3639500141143799,1.3736499547958374,1.3542399406433105,1.359089970588684,3726489,0,1
2015-10-22,1.359089970588684,1.3736499547958374,1.3542399406433105,1.3639500141143799,4041288,0,1
2015-10-23,1.3736499547958374,1.3833600282669067,1.3688000440597534,1.3688000440597534,6693074,0,1
2015-10-26,1.3882100582122803,1.4027800559997559,1.3833600282669067,1.39792001247406,9599089,0,1
2015-10-27,1.4027800559997559,1.4027800559997559,1.3736499547958374,1.3930699825286865,7824948,0,1
2015-10-28,1.3882100582122803,1.39792001247406,1.3833600282669067,1.3882100582122803,4465792,0,1
2015-10-29,1.4027800559997559,1.4027800559997559,1.3688000440597534,1.3688000440597534,5156474,0,1
2015-10-30,1.359089970588684,1.3785099983215332,1.3542399406433105,1.3688000440597534,6565136,0,1
2015-11-02,1.3542399406433105,1.359089970588684,1.3299700021743774,1.3445299863815308,4504421,0,1
2015-11-03,1.3445299863815308,1.3542399406433105,1.3299700021743774,1.3299700021743774,8463301,0,1
2015-11-04,1.334820032119751,1.3542399406433105,1.334820032119751,1.3493800163269043,6456769,0,1
2015-11-05,1.3493800163269043,1.3542399406433105,1.334820032119751,1.3445299863815308,4745052,0,1
2015-11-06,1.334820032119751,1.339669942855835,1.3008400201797485,1.3251099586486816,8191252,0,1
2015-11-09,1.3251099586486816,1.3251099586486816,1.295989990234375,1.3008400201797485,8698988,0,1
2015-11-11,1.3008400201797485,1.3008400201797485,1.2814300060272217,1.2862800359725952,7878616,0,1
2015-11-12,1.2765699625015259,1.2814300060272217,1.2668700218200684,1.271720051765442,5699234,0,1
2015-11-13,1.2668700218200684,1.271720051765442,1.2620099782943726,1.2668700218200684,9128643,0,1
2015-11-16,1.2620099782943726,1.271720051765442,1.252310037612915,1.2620099782943726,9425518,0,1
2015-11-17,1.2620099782943726,1.2765699625015259,1.257159948348999,1.2668700218200684,6547830,0,1
2015-11-18,1.2620099782943726,1.271720051765442,1.2474499940872192,1.252310037612915,8090920,0,1
2015-11-19,1.257159948348999,1.271720051765442,1.257159948348999,1.2668700218200684,3537672,0,1
2015-11-20,1.2620099782943726,1.271720051765442,1.252310037612915,1.2668700218200684,3924474,0,1
2015-11-23,1.271720051765442,1.2765699625015259,1.257159948348999,1.257159948348999,3624200,0,1
2015-11-24,1.2668700218200684,1.2765699625015259,1.257159948348999,1.271720051765442,4292632,0,1
2015-11-25,1.2814300060272217,1.2862800359725952,1.2620099782943726,1.2620099782943726,3482459,0,1
2015-11-26,1.2814300060272217,1.2814300060272217,1.2668700218200684,1.2668700218200684,4465689,0,1
2015-11-27,1.2620099782943726,1.271720051765442,1.2474499940872192,1.2620099782943726,11166696,0,1
2015-11-30,1.271720051765442,1.2765699625015259,1.2620099782943726,1.271720051765442,6963063,0,1
2015-12-01,1.271720051765442,1.3154100179672241,1.2668700218200684,1.3008400201797485,12358418,0,1
2015-12-02,1.3008400201797485,1.3542399406433105,1.3008400201797485,1.3251099586486816,14738876,0,1
2015-12-03,1.3105499744415283,1.3202600479125977,1.3008400201797485,1.3105499744415283,6130660,0,1
2015-12-04,1.3008400201797485,1.3056999444961548,1.2911399602890015,1.3008400201797485,1943592,0,1
2015-12-07,1.3105499744415283,1.3154100179672241,1.3008400201797485,1.3056999444961548,4468058,0,1
2015-12-08,1.2911399602890015,1.295989990234375,1.2814300060272217,1.2911399602890015,11348714,0,1
2015-12-09,1.295989990234375,1.295989990234375,1.2814300060272217,1.2862800359725952,5993842,0,1
2015-12-10,1.2862800359725952,1.2911399602890015,1.2620099782943726,1.271720051765442,6797526,0,1
2015-12-11,1.2814300060272217,1.2862800359725952,1.271720051765442,1.271720051765442,6584193,0,1
2015-12-14,1.2668700218200684,1.2765699625015259,1.252310037612915,1.2620099782943726,7249843,0,1
2015-12-15,1.2474499940872192,1.271720051765442,1.2474499940872192,1.252310037612915,7729149,0,1
2015-12-16,1.2668700218200684,1.295989990234375,1.257159948348999,1.2765699625015259,6864998,0,1
2015-12-17,1.2911399602890015,1.3056999444961548,1.2862800359725952,1.3056999444961548,10370634,0,1
2015-12-18,1.2862800359725952,1.3105499744415283,1.2862800359725952,1.295989990234375,6452752,0,1
2015-12-21,1.2862800359725952,1.3056999444961548,1.2814300060272217,1.295989990234375,4880098,0,1
2015-12-22,1.2911399602890015,1.3008400201797485,1.2862800359725952,1.2911399602890015,5259278,0,1
2015-12-23,1.3008400201797485,1.3056999444961548,1.2911399602890015,1.3008400201797485,3337524,0,1
2015-12-24,1.2911399602890015,1.3008400201797485,1.2862800359725952,1.2911399602890015,3754714,0,1
2015-12-28,1.3105499744415283,1.3105499744415283,1.2911399602890015,1.295989990234375,2115516,0,1
2015-12-29,1.3056999444961548,1.3154100179672241,1.3008400201797485,1.3105499744415283,3167042,0,1
2015-12-30,1.3251099586486816,1.3251099586486816,1.3056999444961548,1.3105499744415283,1733246,0,1
2015-12-31,1.3251099586486816,1.3251099586486816,1.3105499744415283,1.3105499744415283,2786626,0,1
2016-01-04,1.3202600479125977,1.3202600479125977,1.3008400201797485,1.3008400201797485,6558131,0,1
2016-01-05,1.3154100179672241,1.339669942855835,1.3154100179672241,1.3251099586486816,6728510,0,1
2016-01-06,1.3251099586486816,1.334820032119751,1.3154100179672241,1.3299700021743774,6058430,0,1
2016-01-07,1.3154100179672241,1.3154100179672241,1.2814300060272217,1.2862800359725952,9786671,0,1
2016-01-08,1.2814300060272217,1.2862800359725952,1.2668700218200684,1.2862800359725952,8887702,0,1
2016-01-11,1.271720051765442,1.2814300060272217,1.257159948348999,1.2668700218200684,6775482,0,1
2016-01-12,1.2620099782943726,1.271720051765442,1.257159948348999,1.2620099782943726,6842336,0,1
2016-01-13,1.271720051765442,1.2765699625015259,1.257159948348999,1.2668700218200684,14049945,0,1
2016-01-14,1.2620099782943726,1.2668700218200684,1.252310037612915,1.252310037612915,9732178,0,1
2016-01-15,1.257159948348999,1.2862800359725952,1.252310037612915,1.2765699625015259,13922522,0,1
2016-01-18,1.2765699625015259,1.295989990234375,1.271720051765442,1.2862800359725952,14158724,0,1
2016-01-19,1.2814300060272217,1.3251099586486816,1.2814300060272217,1.3251099586486816,12510049,0,1
2016-01-20,1.3008400201797485,1.3056999444961548,1.2814300060272217,1.2911399602890015,10763514,0,1
2016-01-21,1.2911399602890015,1.3008400201797485,1.2620099782943726,1.2620099782943726,18216597,0,1
2016-01-22,1.2765699625015259,1.2862800359725952,1.2668700218200684,1.271720051765442,8240078,0,1
2016-01-25,1.2765699625015259,1.2862800359725952,1.271720051765442,1.2765699625015259,3668083,0,1
2016-01-26,1.2425999641418457,1.2620099782943726,1.232890009880066,1.2474499940872192,8910365,0,1
2016-01-27,1.252310037612915,1.2668700218200684,1.2474499940872192,1.2620099782943726,6027939,0,1
2016-01-28,1.2668700218200684,1.2765699625015259,1.252310037612915,1.252310037612915,7465649,0,1
2016-01-29,1.257159948348999,1.271720051765442,1.2474499940872192,1.257159948348999,7699173,0,1
2016-02-01,1.2668700218200684,1.2862800359725952,1.2620099782943726,1.2814300060272217,7017247,0,1
2016-02-02,1.271720051765442,1.2862800359725952,1.271720051765442,1.2765699625015259,7079053,0,1
2016-02-03,1.2620099782943726,1.2862800359725952,1.257159948348999,1.271720051765442,7629126,0,1
2016-02-04,1.271720051765442,1.3008400201797485,1.2668700218200684,1.2765699625015259,8816625,0,1
2016-02-05,1.2862800359725952,1.3105499744415283,1.2814300060272217,1.3105499744415283,6028660,0,1
2016-02-10,1.271720051765442,1.3251099586486816,1.2668700218200684,1.3008400201797485,15143088,0,1
2016-02-11,1.3105499744415283,1.3202600479125977,1.295989990234375,1.3105499744415283,7491814,0,1
2016-02-12,1.3056999444961548,1.3154100179672241,1.2911399602890015,1.2911399602890015,7248298,0,1
2016-02-15,1.3105499744415283,1.359089970588684,1.3056999444961548,1.359089970588684,7559285,0,1
2016-02-16,1.3445299863815308,1.359089970588684,1.3299700021743774,1.339669942855835,9037273,0,1
2016-02-17,1.3299700021743774,1.3493800163269043,1.3251099586486816,1.339669942855835,5013702,0,1
2016-02-18,1.3493800163269043,1.3639500141143799,1.339669942855835,1.3542399406433105,10742397,0,1
2016-02-19,1.359089970588684,1.3785099983215332,1.3542399406433105,1.3542399406433105,7610687,0,1
2016-02-22,1.3542399406433105,1.3736499547958374,1.3445299863815308,1.3639500141143799,5151324,0,1
2016-02-23,1.3688000440597534,1.3882100582122803,1.359089970588684,1.3785099983215332,9842811,0,1
2016-02-24,1.3785099983215332,1.3833600282669067,1.339669942855835,1.339669942855835,9375764,0,1
2016-02-25,1.3493800163269043,1.3542399406433105,1.3299700021743774,1.339669942855835,5444181,0,1
2016-02-26,1.359089970588684,1.3639500141143799,1.3445299863815308,1.3542399406433105,6342531,0,1
2016-02-29,1.3639500141143799,1.3930699825286865,1.359089970588684,1.3882100582122803,8319293,0,1
2016-03-01,1.3833600282669067,1.3930699825286865,1.3493800163269043,1.3493800163269043,9014405,0,1
2016-03-02,1.3639500141143799,1.3736499547958374,1.3639500141143799,1.3688000440597534,4753396,0,1
2016-03-03,1.3639500141143799,1.3882100582122803,1.3639500141143799,1.3736499547958374,5470861,0,1
2016-03-04,1.4076299667358398,1.436750054359436,1.39792001247406,1.4319000244140625,18335780,0,1
2016-03-07,1.4319000244140625,1.436750054359436,1.39792001247406,1.39792001247406,12918587,0,1
2016-03-08,1.39792001247406,1.4027800559997559,1.3688000440597534,1.3736499547958374,7838751,0,1
2016-03-09,1.3736499547958374,1.3882100582122803,1.3736499547958374,1.3882100582122803,8716294,0,1
2016-03-10,1.3930699825286865,1.39792001247406,1.3833600282669067,1.3882100582122803,7455760,0,1
2016-03-11,1.39792001247406,1.4076299667358398,1.3882100582122803,1.4027800559997559,5931830,0,1
2016-03-14,1.4027800559997559,1.4076299667358398,1.3882100582122803,1.3930699825286865,8170238,0,1
2016-03-15,1.3882100582122803,1.39792001247406,1.3736499547958374,1.3930699825286865,6643938,0,1
2016-03-16,1.3930699825286865,1.4027800559997559,1.3833600282669067,1.3930699825286865,5994357,0,1
2016-03-17,1.4027800559997559,1.4173400402069092,1.4027800559997559,1.4124799966812134,6336660,0,1
2016-03-18,1.4270399808883667,1.4319000244140625,1.4076299667358398,1.4270399808883667,19222387,0,1
2016-03-21,1.4270399808883667,1.4319000244140625,1.4124799966812134,1.4221899509429932,6695546,0,1
2016-03-22,1.4173400402069092,1.436750054359436,1.4173400402069092,1.4319000244140625,6975528,0,1
2016-03-23,1.436750054359436,1.4513200521469116,1.4270399808883667,1.4319000244140625,8624306,0,1
2016-03-24,1.4416099786758423,1.4416099786758423,1.4173400402069092,1.4221899509429932,6089539,0,1
2016-03-28,1.4270399808883667,1.436750054359436,1.4173400402069092,1.4221899509429932,2987599,0,1
2016-03-29,1.4319000244140625,1.4416099786758423,1.4221899509429932,1.4416099786758423,6483037,0,1
2016-03-30,1.4416099786758423,1.4561699628829956,1.4416099786758423,1.4561699628829956,5423579,0,1
2016-03-31,1.4270399808883667,1.4416099786758423,1.4124799966812134,1.4270399808883667,11058844,0,1
2016-04-01,1.4270399808883667,1.436750054359436,1.4027800559997559,1.4124799966812134,7500158,0,1
2016-04-04,1.4221899509429932,1.4221899509429932,1.4076299667358398,1.4076299667358398,4310968,0,1
2016-04-05,1.4173400402069092,1.4173400402069092,1.39792001247406,1.4027800559997559,5302233,0,1
2016-04-06,1.4027800559997559,1.4124799966812134,1.39792001247406,1.4076299667358398,3731125,0,1
2016-04-07,1.4124799966812134,1.4173400402069092,1.3785099983215332,1.3785099983215332,10507123,0,1
2016-04-08,1.3688000440597534,1.3930699825286865,1.359089970588684,1.3930699825286865,11138059,0,1
2016-04-11,1.3930699825286865,1.39792001247406,1.3688000440597534,1.3930699825286865,9138944,0,1
2016-04-12,1.3785099983215332,1.3833600282669067,1.3736499547958374,1.3785099983215332,8998644,0,1
2016-04-13,1.3882100582122803,1.39792001247406,1.3736499547958374,1.3833600282669067,16284850,0,1
2016-04-14,1.3785099983215332,1.3882100582122803,1.3736499547958374,1.3785099983215332,13864733,0,1
2016-04-15,1.3833600282669067,1.3930699825286865,1.3736499547958374,1.3882100582122803,9257199,0,1
2016-04-18,1.3882100582122803,1.3930699825286865,1.3736499547958374,1.3785099983215332,7832571,0,1
2016-04-19,1.3785099983215332,1.3930699825286865,1.3736499547958374,1.3930699825286865,12750577,0,1
2016-04-20,1.3882100582122803,1.4027800559997559,1.3785099983215332,1.4027800559997559,10697279,0,1
2016-04-21,1.4027800559997559,1.4270399808883667,1.39792001247406,1.4221899509429932,8728964,0,1
2016-04-22,1.4124799966812134,1.4464600086212158,1.4076299667358398,1.436750054359436,12402197,0,1
2016-04-25,1.4319000244140625,1.436750054359436,1.4076299667358398,1.4173400402069092,8786649,0,1
2016-04-26,1.4076299667358398,1.4173400402069092,1.3882100582122803,1.4076299667358398,10650924,0,1
2016-04-27,1.4076299667358398,1.4076299667358398,1.3785099983215332,1.3785099983215332,13753380,0,1
2016-04-28,1.3930699825286865,1.39792001247406,1.3785099983215332,1.3833600282669067,8436312,0,1
2016-04-29,1.3930699825286865,1.39792001247406,1.3785099983215332,1.3882100582122803,8308683,0,1
2016-05-03,1.3833600282669067,1.3882100582122803,1.3736499547958374,1.3736499547958374,6298649,0,1
2016-05-04,1.3639500141143799,1.3736499547958374,1.359089970588684,1.3639500141143799,8809827,0,1
2016-05-05,1.3639500141143799,1.3736499547958374,1.3493800163269043,1.3688000440597534,6375494,0,1
2016-05-06,1.3542399406433105,1.3785099983215332,1.3493800163269043,1.3639500141143799,6631577,0,1
2016-05-09,1.3639500141143799,1.3736499547958374,1.3445299863815308,1.3493800163269043,9377618,0,1
2016-05-10,1.3542399406433105,1.3736499547958374,1.3542399406433105,1.3688000440597534,8199389,0,1
2016-05-11,1.3639500141143799,1.3785099983215332,1.3542399406433105,1.3542399406433105,5756198,0,1
2016-05-12,1.3542399406433105,1.3639500141143799,1.3493800163269043,1.3542399406433105,4468985,0,1
2016-05-13,1.359089970588684,1.359089970588684,1.334820032119751,1.3445299863815308,6968626,0,1
2016-05-16,1.3445299863815308,1.3542399406433105,1.334820032119751,1.3445299863815308,5824185,0,1
2016-05-17,1.3493800163269043,1.359089970588684,1.3445299863815308,1.359089970588684,6485921,0,1
2016-05-18,1.3493800163269043,1.3736499547958374,1.3445299863815308,1.3688000440597534,8257075,0,1
2016-05-19,1.3785099983215332,1.3785099983215332,1.334820032119751,1.339669942855835,9285527,0,1
2016-05-20,1.334820032119751,1.3445299863815308,1.3299700021743774,1.339669942855835,10296055,0,1
2016-05-23,1.3445299863815308,1.3493800163269043,1.3299700021743774,1.334820032119751,9120711,0,1
2016-05-24,1.3445299863815308,1.3493800163269043,1.334820032119751,1.3445299863815308,7211627,0,1
2016-05-25,1.3493800163269043,1.3688000440597534,1.3493800163269043,1.359089970588684,7904266,0,1
2016-05-26,1.3785099983215332,1.3882100582122803,1.3639500141143799,1.3736499547958374,12927239,0,1
2016-05-27,1.3785099983215332,1.3833600282669067,1.3688000440597534,1.3688000440597534,8516042,0,1
2016-05-30,1.3688000440597534,1.3833600282669067,1.359089970588684,1.3785099983215332,3601435,0,1
2016-05-31,1.3882100582122803,1.3882100582122803,1.3493800163269043,1.3493800163269043,13578572,0,1
2016-06-01,1.3493800163269043,1.3688000440597534,1.3493800163269043,1.3639500141143799,5886712,0,1
2016-06-02,1.3542399406433105,1.359089970588684,1.3445299863815308,1.3493800163269043,9500509,0,1
2016-06-03,1.3542399406433105,1.3688000440597534,1.3542399406433105,1.3639500141143799,4010591,0,1
2016-06-06,1.3688000440597534,1.3785099983215332,1.3639500141143799,1.3736499547958374,5833662,0,1
2016-06-07,1.3833600282669067,1.3833600282669067,1.3688000440597534,1.3736499547958374,5662356,0,1
2016-06-08,1.3785099983215332,1.3785099983215332,1.3639500141143799,1.3736499547958374,5145658,0,1
2016-06-09,1.3736499547958374,1.3833600282669067,1.3639500141143799,1.3688000440597534,3730095,0,1
2016-06-10,1.3688000440597534,1.3785099983215332,1.3639500141143799,1.3688000440597534,4572201,0,1
2016-06-13,1.3639500141143799,1.3688000440597534,1.3445299863815308,1.3493800163269043,7047944,0,1
2016-06-14,1.359089970588684,1.3688000440597534,1.339669942855835,1.3493800163269043,6798350,0,1
2016-06-15,1.3445299863815308,1.3542399406433105,1.339669942855835,1.3445299863815308,6064198,0,1
2016-06-16,1.3445299863815308,1.3639500141143799,1.3445299863815308,1.3493800163269043,8819922,0,1
2016-06-17,1.3542399406433105,1.3639500141143799,1.3445299863815308,1.3639500141143799,8592991,0,1
2016-06-20,1.3639500141143799,1.3688000440597534,1.3542399406433105,1.3639500141143799,4459986,0,1
2016-06-21,1.3688000440597534,1.3882100582122803,1.3639500141143799,1.3736499547958374,6057297,0,1
2016-06-22,1.3736499547958374,1.3882100582122803,1.3736499547958374,1.3785099983215332,5927916,0,1
2016-06-23,1.3882100582122803,1.3882100582122803,1.3493800163269043,1.3542399406433105,7254788,0,1
2016-06-24,1.3639500141143799,1.3639500141143799,1.3251099586486816,1.3542399406433105,9942422,0,1
2016-06-27,1.3542399406433105,1.39792001247406,1.3493800163269043,1.3882100582122803,16501377,0,1
2016-06-28,1.3785099983215332,1.4173400402069092,1.3736499547958374,1.4124799966812134,14618664,0,1
2016-06-29,1.4221899509429932,1.4270399808883667,1.4076299667358398,1.4124799966812134,9985377,0,1
2016-06-30,1.4513200521469116,1.4513200521469116,1.4270399808883667,1.4319000244140625,15843659,0,1
2016-07-01,1.4416099786758423,1.4561699628829956,1.436750054359436,1.4561699628829956,10589118,0,1
2016-07-04,1.465880036354065,1.490149974822998,1.4561699628829956,1.4852900505065918,7959582,0,1
2016-07-05,1.4950000047683716,1.4950000047683716,1.470729947090149,1.4804400205612183,5925444,0,1
2016-07-07,1.4852900505065918,1.5047099590301514,1.4804400205612183,1.4950000047683716,7065146,0,1
2016-07-08,1.4804400205612183,1.4852900505065918,1.4610199928283691,1.470729947090149,6507965,0,1
2016-07-11,1.4852900505065918,1.4950000047683716,1.4804400205612183,1.490149974822998,6097470,0,1
2016-07-12,1.4852900505065918,1.5047099590301514,1.4852900505065918,1.5047099590301514,8146030,0,1
2016-07-13,1.509559988975525,1.5192699432373047,1.4950000047683716,1.4950000047683716,11943288,0,1
2016-07-14,1.4998500347137451,1.509559988975525,1.4950000047683716,1.4950000047683716,1833887,0,1
2016-07-15,1.5192699432373047,1.5241199731826782,1.5047099590301514,1.5241199731826782,12261486,0,1
2016-07-18,1.528980016708374,1.5386799573898315,1.5192699432373047,1.5338300466537476,14475274,0,1
2016-07-19,1.5241199731826782,1.528980016708374,1.4950000047683716,1.5241199731826782,9286557,0,1
2016-07-20,1.509559988975525,1.5144200325012207,1.4998500347137451,1.5144200325012207,7518699,0,1
2016-07-21,1.5047099590301514,1.5386799573898315,1.4998500347137451,1.5144200325012207,14476304,0,1
2016-07-22,1.5047099590301514,1.5144200325012207,1.4852900505065918,1.4950000047683716,9691695,0,1
2016-07-25,1.4950000047683716,1.5047099590301514,1.470729947090149,1.4755799770355225,9335281,0,1
2016-07-26,1.4319000244140625,1.4755799770355225,1.4319000244140625,1.4755799770355225,14437057,0,1
2016-07-27,1.470729947090149,1.4755799770355225,1.4416099786758423,1.4755799770355225,10373519,0,1
2016-07-28,1.465880036354065,1.4804400205612183,1.4561699628829956,1.470729947090149,9200338,0,1
2016-07-29,1.465880036354065,1.4755799770355225,1.4464600086212158,1.4610199928283691,8581145,0,1
2016-08-01,1.470729947090149,1.4852900505065918,1.465880036354065,1.4804400205612183,13865299,0,1
2016-08-02,1.4610199928283691,1.4804400205612183,1.4610199928283691,1.4755799770355225,4568596,0,1
2016-08-03,1.465880036354065,1.4852900505065918,1.4561699628829956,1.4755799770355225,6084491,0,1
2016-08-04,1.4755799770355225,1.4852900505065918,1.465880036354065,1.4852900505065918,6740974,0,1
2016-08-05,1.4852900505065918,1.4852900505065918,1.470729947090149,1.4852900505065918,6336866,0,1
2016-08-08,1.4950000047683716,1.5144200325012207,1.490149974822998,1.5144200325012207,12451230,0,1
2016-08-10,1.5241199731826782,1.528980016708374,1.4998500347137451,1.5241199731826782,11526612,0,1
2016-08-11,1.4998500347137451,1.5338300466537476,1.4998500347137451,1.5241199731826782,7144979,0,1
2016-08-12,1.5241199731826782,1.5338300466537476,1.5144200325012207,1.528980016708374,4980121,0,1
2016-08-15,1.5241199731826782,1.5435400009155273,1.4950000047683716,1.5047099590301514,9369789,0,1
2016-08-16,1.4998500347137451,1.509559988975525,1.490149974822998,1.509559988975525,6668043,0,1
2016-08-17,1.4998500347137451,1.5144200325012207,1.490149974822998,1.509559988975525,3585469,0,1
2016-08-18,1.5047099590301514,1.5241199731826782,1.4998500347137451,1.5144200325012207,3510168,0,1
2016-08-19,1.5192699432373047,1.5241199731826782,1.4998500347137451,1.5241199731826782,5570883,0,1
2016-08-22,1.5144200325012207,1.5144200325012207,1.4998500347137451,1.5144200325012207,3755847,0,1
2016-08-23,1.5144200325012207,1.5144200325012207,1.4852900505065918,1.4950000047683716,11622824,0,1
2016-08-24,1.4998500347137451,1.5144200325012207,1.4852900505065918,1.5144200325012207,5602507,0,1
2016-08-25,1.5047099590301514,1.5192699432373047,1.4998500347137451,1.5144200325012207,4416862,0,1
2016-08-26,1.5047099590301514,1.5241199731826782,1.4998500347137451,1.509559988975525,6015680,0,1
2016-08-29,1.4950000047683716,1.509559988975525,1.4804400205612183,1.4950000047683716,8313525,0,1
2016-08-30,1.5047099590301514,1.5047099590301514,1.490149974822998,1.4998500347137451,4257609,0,1
2016-08-31,1.5047099590301514,1.5047099590301514,1.4950000047683716,1.4998500347137451,6776100,0,1
2016-09-01,1.5144200325012207,1.5338300466537476,1.5047099590301514,1.5144200325012207,8624512,0,1
2016-09-02,1.509559988975525,1.528980016708374,1.4998500347137451,1.5192699432373047,5458602,0,1
2016-09-05,1.5241199731826782,1.5435400009155273,1.5241199731826782,1.5435400009155273,8734938,0,1
2016-09-06,1.5435400009155273,1.5823700428009033,1.5435400009155273,1.5823700428009033,17468023,0,1
2016-09-07,1.572659969329834,1.592079997062683,1.5580999851226807,1.5629600286483765,9078271,0,1
2016-09-08,1.5775200128555298,1.592079997062683,1.572659969329834,1.592079997062683,8821982,0,1
2016-09-09,1.5823700428009033,1.592079997062683,1.56781005859375,1.56781005859375,4735678,0,1
2016-09-13,1.5435400009155273,1.5580999851226807,1.528980016708374,1.5338300466537476,14419854,0,1
2016-09-14,1.5144200325012207,1.5338300466537476,1.5144200325012207,1.5192699432373047,8160349,0,1
2016-09-15,1.5144200325012207,1.5241199731826782,1.5047099590301514,1.509559988975525,4432623,0,1
2016-09-16,1.5192699432373047,1.5435400009155273,1.5192699432373047,1.5338300466537476,10507329,0,1
2016-09-19,1.5386799573898315,1.5386799573898315,1.5192699432373047,1.528980016708374,3958777,0,1
2016-09-20,1.528980016708374,1.5435400009155273,1.5241199731826782,1.528980016708374,5097037,0,1
2016-09-21,1.5338300466537476,1.5435400009155273,1.5241199731826782,1.528980016708374,6652385,0,1
2016-09-22,1.5483900308609009,1.5532499551773071,1.528980016708374,1.5483900308609009,5851689,0,1
2016-09-23,1.5483900308609009,1.5532499551773071,1.5338300466537476,1.5532499551773071,5697277,0,1
2016-09-26,1.5483900308609009,1.5629600286483765,1.5386799573898315,1.5483900308609009,5835516,0,1
2016-09-27,1.5435400009155273,1.56781005859375,1.5435400009155273,1.56781005859375,5689963,0,1
2016-09-28,1.5629600286483765,1.56781005859375,1.5483900308609009,1.5532499551773071,8304769,0,1
2016-09-29,1.5580999851226807,1.572659969329834,1.5532499551773071,1.572659969329834,5210348,0,1
2016-09-30,1.5532499551773071,1.5580999851226807,1.5338300466537476,1.5435400009155273,7944234,0,1
2016-10-03,1.5532499551773071,1.572659969329834,1.5483900308609009,1.572659969329834,5206902,0,1
2016-10-04,1.5629600286483765,1.5775200128555298,1.5532499551773071,1.572659969329834,3664477,0,1
2016-10-05,1.5629600286483765,1.5872199535369873,1.5629600286483765,1.5775200128555298,9572822,0,1
2016-10-06,1.5823700428009033,1.592079997062683,1.572659969329834,1.5823700428009033,6142486,0,1
2016-10-07,1.572659969329834,1.5775200128555298,1.5241199731826782,1.5386799573898315,10759806,0,1
2016-10-10,1.5338300466537476,1.5386799573898315,1.5241199731826782,1.5386799573898315,6328728,0,1
2016-10-11,1.5338300466537476,1.5435400009155273,1.5241199731826782,1.5338300466537476,7889226,0,1
2016-10-12,1.5241199731826782,1.528980016708374,1.4852900505065918,1.490149974822998,10996317,0,1
2016-10-13,1.490149974822998,1.5144200325012207,1.4755799770355225,1.5144200325012207,6837700,0,1
2016-10-14,1.509559988975525,1.528980016708374,1.509559988975525,1.5241199731826782,5155753,0,1
2016-10-17,1.5047099590301514,1.509559988975525,1.4852900505065918,1.509559988975525,9431698,0,1
2016-10-18,1.5047099590301514,1.5192699432373047,1.4998500347137451,1.509559988975525,4428914,0,1
2016-10-19,1.5241199731826782,1.528980016708374,1.509559988975525,1.528980016708374,6093350,0,1
2016-10-20,1.5338300466537476,1.5580999851226807,1.528980016708374,1.5532499551773071,10303575,0,1
2016-10-21,1.5532499551773071,1.5580999851226807,1.5338300466537476,1.5483900308609009,9364639,0,1
2016-10-24,1.5532499551773071,1.5629600286483765,1.5435400009155273,1.5629600286483765,9883191,0,1
2016-10-25,1.5532499551773071,1.5532499551773071,1.5144200325012207,1.5435400009155273,17160126,0,1
2016-10-26,1.5435400009155273,1.5532499551773071,1.5241199731826782,1.5241199731826782,12195971,0,1
2016-10-27,1.5192699432373047,1.5483900308609009,1.5192699432373047,1.5483900308609009,9857644,0,1
2016-10-28,1.5386799573898315,1.5435400009155273,1.5241199731826782,1.5386799573898315,9800783,0,1
2016-10-31,1.5192699432373047,1.5435400009155273,1.509559988975525,1.528980016708374,8184350,0,1
2016-11-01,1.5338300466537476,1.5532499551773071,1.528980016708374,1.5435400009155273,6959870,0,1
2016-11-02,1.528980016708374,1.5386799573898315,1.5192699432373047,1.5338300466537476,9109380,0,1
2016-11-03,1.528980016708374,1.528980016708374,1.509559988975525,1.5241199731826782,5019780,0,1
2016-11-04,1.5144200325012207,1.5192699432373047,1.4755799770355225,1.4950000047683716,15685641,0,1
2016-11-07,1.4804400205612183,1.4998500347137451,1.4755799770355225,1.490149974822998,8858447,0,1
2016-11-08,1.490149974822998,1.509559988975525,1.490149974822998,1.509559988975525,11205530,0,1
2016-11-09,1.5532499551773071,1.5580999851226807,1.4852900505065918,1.509559988975525,13221230,0,1
2016-11-10,1.509559988975525,1.5192699432373047,1.4852900505065918,1.4998500347137451,16234376,0,1
2016-11-11,1.4852900505065918,1.4852900505065918,1.465880036354065,1.4804400205612183,12436397,0,1
2016-11-14,1.4804400205612183,1.4852900505065918,1.4319000244140625,1.4416099786758423,15714072,0,1
2016-11-15,1.4221899509429932,1.4416099786758423,1.4076299667358398,1.4270399808883667,13272426,0,1
2016-11-16,1.4270399808883667,1.4561699628829956,1.4173400402069092,1.436750054359436,15663185,0,1
2016-11-17,1.436750054359436,1.4755799770355225,1.436750054359436,1.465880036354065,17027511,0,1
2016-11-18,1.4561699628829956,1.4804400205612183,1.4513200521469116,1.4561699628829956,10934967,0,1
2016-11-21,1.4464600086212158,1.4561699628829956,1.4076299667358398,1.4270399808883667,19416148,0,1
2016-11-22,1.4464600086212158,1.4464600086212158,1.4173400402069092,1.4270399808883667,7514167,0,1
2016-11-23,1.4416099786758423,1.4464600086212158,1.4076299667358398,1.436750054359436,13662525,0,1
2016-11-24,1.4319000244140625,1.436750054359436,1.4173400402069092,1.4319000244140625,4880819,0,1
2016-11-25,1.4270399808883667,1.465880036354065,1.4270399808883667,1.4513200521469116,9328894,0,1
2016-11-28,1.465880036354065,1.4755799770355225,1.4416099786758423,1.4561699628829956,6060799,0,1
2016-11-29,1.470729947090149,1.4755799770355225,1.4513200521469116,1.4610199928283691,11433388,0,1
2016-11-30,1.4852900505065918,1.4852900505065918,1.465880036354065,1.4852900505065918,14564135,0,1
2016-12-01,1.4998500347137451,1.5047099590301514,1.4755799770355225,1.490149974822998,7479865,0,1
2016-12-02,1.490149974822998,1.490149974822998,1.4610199928283691,1.465880036354065,8080619,0,1
2016-12-05,1.4755799770355225,1.4998500347137451,1.470729947090149,1.4998500347137451,7753871,0,1
2016-12-06,1.4950000047683716,1.4950000047683716,1.470729947090149,1.4852900505065918,6185750,0,1
2016-12-07,1.490149974822998,1.5047099590301514,1.4852900505065918,1.4950000047683716,6592536,0,1
2016-12-08,1.4998500347137451,1.5192699432373047,1.490149974822998,1.5047099590301514,10186555,0,1
2016-12-09,1.509559988975525,1.5241199731826782,1.509559988975525,1.5192699432373047,8852164,0,1
2016-12-12,1.509559988975525,1.5144200325012207,1.4804400205612183,1.4998500347137451,8868542,0,1
2016-12-13,1.4804400205612183,1.4950000047683716,1.4755799770355225,1.4950000047683716,12061955,0,1
2016-12-14,1.4950000047683716,1.4998500347137451,1.4755799770355225,1.4755799770355225,8012632,0,1
2016-12-15,1.4561699628829956,1.4804400205612183,1.4513200521469116,1.465880036354065,8148606,0,1
2016-12-16,1.4610199928283691,1.470729947090149,1.4416099786758423,1.4513200521469116,9236597,0,1
2016-12-19,1.4513200521469116,1.470729947090149,1.4319000244140625,1.436750054359436,15844998,0,1
2016-12-20,1.4416099786758423,1.465880036354065,1.436750054359436,1.4561699628829956,19732944,0,1
2016-12-21,1.4513200521469116,1.465880036354065,1.4416099786758423,1.4416099786758423,6062756,0,1
2016-12-22,1.436750054359436,1.4416099786758423,1.4221899509429932,1.4319000244140625,8842893,0,1
2016-12-23,1.4270399808883667,1.4319000244140625,1.39792001247406,1.4076299667358398,9177778,0,1
2016-12-27,1.3930699825286865,1.4319000244140625,1.3930699825286865,1.4270399808883667,4174583,0,1
2016-12-28,1.4270399808883667,1.436750054359436,1.4221899509429932,1.4270399808883667,3611324,0,1
2016-12-29,1.4270399808883667,1.4270399808883667,1.4124799966812134,1.4221899509429932,4841057,0,1
2016-12-30,1.4319000244140625,1.4464600086212158,1.4270399808883667,1.436750054359436,8373990,0,1
2017-01-03,1.4416099786758423,1.4561699628829956,1.4319000244140625,1.4464600086212158,7658896,0,1
2017-01-04,1.4561699628829956,1.470729947090149,1.4513200521469116,1.4610199928283691,9192715,0,1
2017-01-05,1.4610199928283691,1.4804400205612183,1.4561699628829956,1.465880036354065,6468615,0,1
2017-01-06,1.470729947090149,1.490149974822998,1.470729947090149,1.490149974822998,7834013,0,1
2017-01-09,1.4852900505065918,1.5047099590301514,1.4804400205612183,1.490149974822998,6896107,0,1
2017-01-10,1.490149974822998,1.5241199731826782,1.4852900505065918,1.5144200325012207,22493572,0,1
2017-01-11,1.5241199731826782,1.5532499551773071,1.5192699432373047,1.5386799573898315,16773118,0,1
2017-01-12,1.528980016708374,1.5338300466537476,1.490149974822998,1.509559988975525,14954232,0,1
2017-01-13,1.4998500347137451,1.5435400009155273,1.4998500347137451,1.5192699432373047,10437797,0,1
2017-01-16,1.509559988975525,1.5144200325012207,1.4950000047683716,1.5047099590301514,5651231,0,1
2017-01-17,1.5047099590301514,1.528980016708374,1.5047099590301514,1.5192699432373047,9056227,0,1
2017-01-18,1.5241199731826782,1.5338300466537476,1.5144200325012207,1.5192699432373047,7457202,0,1
2017-01-19,1.5192699432373047,1.528980016708374,1.5047099590301514,1.5192699432373047,7204828,0,1
2017-01-20,1.5241199731826782,1.5241199731826782,1.5047099590301514,1.509559988975525,7284146,0,1
2017-01-23,1.5144200325012207,1.5241199731826782,1.509559988975525,1.5192699432373047,8248628,0,1
2017-01-24,1.490149974822998,1.4950000047683716,1.4610199928283691,1.470729947090149,11227780,0,1
2017-01-25,1.4755799770355225,1.4804400205612183,1.4464600086212158,1.4561699628829956,11931957,0,1
2017-01-26,1.4561699628829956,1.470729947090149,1.4513200521469116,1.4610199928283691,11228090,0,1
2017-01-27,1.470729947090149,1.4804400205612183,1.465880036354065,1.4804400205612183,4745112,0,1
2017-01-31,1.4755799770355225,1.490149974822998,1.470729947090149,1.4804400205612183,9102581,0,1
2017-02-01,1.490149974822998,1.509559988975525,1.4852900505065918,1.4950000047683716,9727955,0,1
2017-02-02,1.4950000047683716,1.4950000047683716,1.470729947090149,1.4755799770355225,7320611,0,1
2017-02-03,1.470729947090149,1.490149974822998,1.465880036354065,1.4804400205612183,6513116,0,1
2017-02-06,1.4852900505065918,1.490149974822998,1.4755799770355225,1.4804400205612183,7044029,0,1
2017-02-07,1.4755799770355225,1.5047099590301514,1.4755799770355225,1.4998500347137451,7439897,0,1
2017-02-08,1.4998500347137451,1.4998500347137451,1.490149974822998,1.4950000047683716,4957047,0,1
2017-02-09,1.4950000047683716,1.5241199731826782,1.490149974822998,1.5047099590301514,11006206,0,1
2017-02-10,1.5144200325012207,1.528980016708374,1.5144200325012207,1.5192699432373047,10119599,0,1
2017-02-13,1.528980016708374,1.528980016708374,1.5144200325012207,1.528980016708374,3756156,0,1
2017-02-14,1.5192699432373047,1.5241199731826782,1.5047099590301514,1.5144200325012207,5433365,0,1
2017-02-15,1.5241199731826782,1.5241199731826782,1.4950000047683716,1.4998500347137451,5006904,0,1
2017-02-16,1.5047099590301514,1.5047099590301514,1.4755799770355225,1.490149974822998,6253119,0,1
2017-02-17,1.4998500347137451,1.509559988975525,1.490149974822998,1.5047099590301514,4250707,0,1
2017-02-20,1.4998500347137451,1.5047099590301514,1.4852900505065918,1.4998500347137451,2978019,0,1
2017-02-21,1.4950000047683716,1.509559988975525,1.490149974822998,1.4998500347137451,6076559,0,1
2017-02-22,1.509559988975525,1.5192699432373047,1.4950000047683716,1.4998500347137451,5844066,0,1
2017-02-23,1.5047099590301514,1.528980016708374,1.5047099590301514,1.5192699432373047,6225409,0,1
2017-02-24,1.5144200325012207,1.5144200325012207,1.490149974822998,1.4950000047683716,11514251,0,1
2017-02-27,1.4950000047683716,1.509559988975525,1.490149974822998,1.4998500347137451,5641960,0,1
2017-02-28,1.490149974822998,1.5144200325012207,1.490149974822998,1.5144200325012207,9987128,0,1
2017-03-01,1.5144200325012207,1.5192699432373047,1.5047099590301514,1.5047099590301514,3476896,0,1
2017-03-02,1.509559988975525,1.5144200325012207,1.4950000047683716,1.509559988975525,7094504,0,1
2017-03-03,1.4950000047683716,1.5047099590301514,1.490149974822998,1.4998500347137451,4400587,0,1
2017-03-06,1.4998500347137451,1.4998500347137451,1.4804400205612183,1.4852900505065918,4765139,0,1
2017-03-07,1.4852900505065918,1.490149974822998,1.4755799770355225,1.4804400205612183,3349679,0,1
2017-03-08,1.4804400205612183,1.5047099590301514,1.4755799770355225,1.4998500347137451,5141332,0,1
2017-03-09,1.4950000047683716,1.4950000047683716,1.4804400205612183,1.4804400205612183,5236101,0,1
2017-03-10,1.4755799770355225,1.490149974822998,1.465880036354065,1.4852900505065918,9853112,0,1
2017-03-13,1.4950000047683716,1.5047099590301514,1.4852900505065918,1.4950000047683716,3915513,0,1
2017-03-14,1.4998500347137451,1.5047099590301514,1.490149974822998,1.490149974822998,4651519,0,1
2017-03-15,1.4950000047683716,1.4998500347137451,1.4852900505065918,1.4950000047683716,4278211,0,1
2017-03-16,1.5047099590301514,1.5241199731826782,1.4998500347137451,1.4998500347137451,12429598,0,1
2017-03-17,1.4998500347137451,1.4998500347137451,1.4610199928283691,1.4610199928283691,21005696,0,1
2017-03-20,1.470729947090149,1.4852900505065918,1.465880036354065,1.4852900505065918,9788834,0,1
2017-03-21,1.4755799770355225,1.490149974822998,1.4755799770355225,1.4804400205612183,4337133,0,1
2017-03-22,1.4755799770355225,1.4852900505065918,1.465880036354065,1.4755799770355225,7884900,0,1
2017-03-23,1.4804400205612183,1.4950000047683716,1.4755799770355225,1.4852900505065918,6037931,0,1
2017-03-24,1.4804400205612183,1.4998500347137451,1.4755799770355225,1.490149974822998,8754304,0,1
2017-03-27,1.490149974822998,1.4950000047683716,1.4804400205612183,1.490149974822998,4752160,0,1
2017-03-28,1.490149974822998,1.5047099590301514,1.4852900505065918,1.4950000047683716,6250028,0,1
2017-03-29,1.4998500347137451,1.5144200325012207,1.4950000047683716,1.5047099590301514,7654261,0,1
2017-03-30,1.509559988975525,1.5241199731826782,1.5047099590301514,1.5144200325012207,7605125,0,1
2017-03-31,1.4998500347137451,1.5047099590301514,1.4950000047683716,1.4998500347137451,13369152,0,1
2017-04-03,1.5047099590301514,1.5144200325012207,1.4950000047683716,1.509559988975525,11101856,0,1
2017-04-04,1.5144200325012207,1.528980016708374,1.509559988975525,1.5241199731826782,9438188,0,1
2017-04-05,1.5144200325012207,1.5241199731826782,1.4998500347137451,1.5192699432373047,11094589,0,1
2017-04-06,1.509559988975525,1.5192699432373047,1.5047099590301514,1.5144200325012207,6655682,0,1
2017-04-07,1.5144200325012207,1.5192699432373047,1.4998500347137451,1.5192699432373047,6313173,0,1
2017-04-10,1.5192699432373047,1.5338300466537476,1.5192699432373047,1.5241199731826782,9839721,0,1
2017-04-11,1.528980016708374,1.5386799573898315,1.5192699432373047,1.528980016708374,8475765,0,1
2017-04-12,1.5338300466537476,1.5532499551773071,1.5192699432373047,1.5435400009155273,17739352,0,1
2017-04-13,1.5435400009155273,1.5629600286483765,1.5386799573898315,1.5580999851226807,9976724,0,1
2017-04-17,1.5532499551773071,1.572659969329834,1.5483900308609009,1.5629600286483765,6789080,0,1
2017-04-18,1.5775200128555298,1.5872199535369873,1.572659969329834,1.572659969329834,8178994,0,1
2017-04-19,1.5872199535369873,1.592079997062683,1.572659969329834,1.5823700428009033,12484812,0,1
2017-04-20,1.5823700428009033,1.5872199535369873,1.572659969329834,1.572659969329834,6843469,0,1
2017-04-21,1.5775200128555298,1.5872199535369873,1.572659969329834,1.5823700428009033,10400507,0,1
2017-04-24,1.572659969329834,1.572659969329834,1.5338300466537476,1.56781005859375,12121598,0,1
2017-04-25,1.572659969329834,1.5823700428009033,1.5629600286483765,1.5775200128555298,10973037,0,1
2017-04-26,1.56781005859375,1.5775200128555298,1.5580999851226807,1.5629600286483765,15213649,0,1
2017-04-27,1.56781005859375,1.5872199535369873,1.5629600286483765,1.5872199535369873,10522162,0,1
2017-04-28,1.5823700428009033,1.592079997062683,1.572659969329834,1.5775200128555298,10989415,0,1
2017-05-02,1.5823700428009033,1.5872199535369873,1.56781005859375,1.5823700428009033,6163603,0,1
2017-05-03,1.5775200128555298,1.5823700428009033,1.5580999851226807,1.5823700428009033,7652509,0,1
2017-05-04,1.5775200128555298,1.5823700428009033,1.5629600286483765,1.572659969329834,9802225,0,1
2017-05-05,1.56781005859375,1.572659969329834,1.5435400009155273,1.5580999851226807,10101778,0,1
2017-05-08,1.572659969329834,1.5872199535369873,1.56781005859375,1.5823700428009033,7722968,0,1
2017-05-09,1.5775200128555298,1.5823700428009033,1.5629600286483765,1.572659969329834,8003670,0,1
2017-05-11,1.5775200128555298,1.5872199535369873,1.5580999851226807,1.5823700428009033,7739244,0,1
2017-05-12,1.5823700428009033,1.5872199535369873,1.56781005859375,1.5775200128555298,6109523,0,1
2017-05-15,1.5823700428009033,1.592079997062683,1.572659969329834,1.5823700428009033,8406646,0,1
2017-05-16,1.5823700428009033,1.5823700428009033,1.5580999851226807,1.56781005859375,9087748,0,1
2017-05-17,1.56781005859375,1.5872199535369873,1.5580999851226807,1.5823700428009033,13755543,0,1
2017-05-18,1.5775200128555298,1.5872199535369873,1.5629600286483765,1.5823700428009033,17422493,0,1
2017-05-19,1.5775200128555298,1.630910038948059,1.572659969329834,1.630910038948059,18458567,0,1
2017-05-22,1.6211999654769897,1.6211999654769897,1.5969300270080566,1.6066399812698364,15127636,0,1
2017-05-23,1.592079997062683,1.6260600090026855,1.592079997062683,1.6260600090026855,12226565,0,1
2017-05-24,1.630910038948059,1.6406199932098389,1.6163500547409058,1.630910038948059,13128006,0,1
2017-05-25,1.635759949684143,1.6454700231552124,1.630910038948059,1.635759949684143,9387507,0,1
2017-05-26,1.635759949684143,1.635759949684143,1.5823700428009033,1.5872199535369873,18155306,0,1
2017-05-29,1.592079997062683,1.6163500547409058,1.592079997062683,1.6066399812698364,11014344,0,1
2017-05-30,1.6066399812698364,1.630910038948059,1.6066399812698364,1.61149001121521,6548551,0,1
2017-05-31,1.6066399812698364,1.61149001121521,1.601789951324463,1.61149001121521,10781953,0,1
2017-06-01,1.6163500547409058,1.635759949684143,1.601789951324463,1.6163500547409058,11906101,0,1
2017-06-02,1.6260600090026855,1.630910038948059,1.601789951324463,1.61149001121521,14350426,0,1
2017-06-05,1.6066399812698364,1.6211999654769897,1.6066399812698364,1.6163500547409058,10698412,0,1
2017-06-06,1.61149001121521,1.6163500547409058,1.5969300270080566,1.61149001121521,9928206,0,1
2017-06-07,1.601789951324463,1.61149001121521,1.5872199535369873,1.592079997062683,17273540,0,1
2017-06-08,1.592079997062683,1.601789951324463,1.5872199535369873,1.592079997062683,8689511,0,1
2017-06-09,1.5823700428009033,1.592079997062683,1.56781005859375,1.592079997062683,11657126,0,1
2017-06-12,1.592079997062683,1.601789951324463,1.5872199535369873,1.5969300270080566,8012838,0,1
2017-06-13,1.5872199535369873,1.6066399812698364,1.5823700428009033,1.592079997062683,8699400,0,1
2017-06-14,1.5969300270080566,1.601789951324463,1.5872199535369873,1.592079997062683,8229056,0,1
2017-06-15,1.5872199535369873,1.61149001121521,1.5823700428009033,1.601789951324463,11305141,0,1
2017-06-16,1.601789951324463,1.6066399812698364,1.5872199535369873,1.5872199535369873,13067539,0,1
2017-06-19,1.592079997062683,1.601789951324463,1.5872199535369873,1.592079997062683,7450635,0,1
2017-06-20,1.592079997062683,1.6211999654769897,1.592079997062683,1.6066399812698364,10862198,0,1
2017-06-21,1.6066399812698364,1.61149001121521,1.592079997062683,1.592079997062683,7674245,0,1
2017-06-22,1.5969300270080566,1.61149001121521,1.592079997062683,1.601789951324463,4790789,0,1
2017-06-23,1.601789951324463,1.6066399812698364,1.592079997062683,1.601789951324463,6588725,0,1
2017-06-27,1.5969300270080566,1.601789951324463,1.5823700428009033,1.592079997062683,13856802,0,1
2017-06-28,1.592079997062683,1.61149001121521,1.5872199535369873,1.592079997062683,8238430,0,1
2017-06-29,1.6066399812698364,1.6163500547409058,1.592079997062683,1.601789951324463,7835558,0,1
2017-06-30,1.601789951324463,1.6163500547409058,1.5969300270080566,1.61149001121521,9927073,0,1
2017-07-03,1.6211999654769897,1.6260600090026855,1.6066399812698364,1.6163500547409058,6659152,0,1
2017-07-04,1.6260600090026855,1.635759949684143,1.6163500547409058,1.6260600090026855,8273763,0,1
2017-07-05,1.630910038948059,1.6648900508880615,1.6260600090026855,1.6454700231552124,10738689,0,1
2017-07-06,1.6551799774169922,1.6648900508880615,1.6454700231552124,1.650320053100586,10194384,0,1
2017-07-07,1.6406199932098389,1.6551799774169922,1.6406199932098389,1.6454700231552124,9565302,0,1
2017-07-10,1.650320053100586,1.6648900508880615,1.6406199932098389,1.6600300073623657,7752738,0,1
2017-07-11,1.650320053100586,1.650320053100586,1.6260600090026855,1.630910038948059,9526879,0,1
2017-07-12,1.630910038948059,1.630910038948059,1.5969300270080566,1.601789951324463,12851424,0,1
2017-07-13,1.6066399812698364,1.630910038948059,1.6066399812698364,1.6211999654769897,11301845,0,1
2017-07-14,1.6260600090026855,1.650320053100586,1.6211999654769897,1.630910038948059,11665573,0,1
2017-07-17,1.630910038948059,1.6406199932098389,1.6066399812698364,1.635759949684143,10384850,0,1
2017-07-18,1.6260600090026855,1.6454700231552124,1.6163500547409058,1.6406199932098389,9324465,0,1
2017-07-19,1.635759949684143,1.6842999458312988,1.6260600090026855,1.674589991569519,20227661,0,1
2017-07-20,1.6794500350952148,1.6842999458312988,1.6648900508880615,1.6697399616241455,13226484,0,1
2017-07-21,1.6697399616241455,1.703719973564148,1.6697399616241455,1.6988600492477417,17591429,0,1
2017-07-24,1.6988600492477417,1.7085700035095215,1.6891599893569946,1.703719973564148,13902332,0,1
2017-07-25,1.6551799774169922,1.6988600492477417,1.650320053100586,1.6891599893569946,12341319,0,1
2017-07-26,1.6891599893569946,1.6988600492477417,1.6600300073623657,1.6648900508880615,8196608,0,1
2017-07-27,1.674589991569519,1.6988600492477417,1.6697399616241455,1.6697399616241455,8052291,0,1
2017-07-28,1.6842999458312988,1.6891599893569946,1.674589991569519,1.6794500350952148,10742500,0,1
2017-07-31,1.6891599893569946,1.6891599893569946,1.6697399616241455,1.6697399616241455,5887124,0,1
2017-08-01,1.674589991569519,1.6794500350952148,1.650320053100586,1.6648900508880615,10673440,0,1
2017-08-02,1.6600300073623657,1.6648900508880615,1.650320053100586,1.6648900508880615,5183463,0,1
2017-08-03,1.650320053100586,1.6697399616241455,1.650320053100586,1.6551799774169922,8231426,0,1
2017-08-04,1.6551799774169922,1.6697399616241455,1.650320053100586,1.6600300073623657,11487469,0,1
2017-08-07,1.6600300073623657,1.6600300073623657,1.6454700231552124,1.6551799774169922,4395436,0,1
2017-08-08,1.6600300073623657,1.6600300073623657,1.650320053100586,1.6600300073623657,4217538,0,1
2017-08-10,1.6551799774169922,1.6842999458312988,1.6551799774169922,1.674589991569519,11225926,0,1
2017-08-11,1.6697399616241455,1.6794500350952148,1.6600300073623657,1.6648900508880615,9828184,0,1
2017-08-14,1.674589991569519,1.6794500350952148,1.650320053100586,1.6697399616241455,5556256,0,1
2017-08-15,1.6697399616241455,1.674589991569519,1.6551799774169922,1.674589991569519,7549602,0,1
2017-08-16,1.6648900508880615,1.674589991569519,1.6551799774169922,1.6648900508880615,5815017,0,1
2017-08-17,1.6697399616241455,1.6891599893569946,1.6648900508880615,1.6794500350952148,6951526,0,1
2017-08-18,1.674589991569519,1.6988600492477417,1.6697399616241455,1.6940100193023682,13802721,0,1
2017-08-21,1.6891599893569946,1.6891599893569946,1.6648900508880615,1.6697399616241455,6889514,0,1
2017-08-22,1.674589991569519,1.6940100193023682,1.6697399616241455,1.6891599893569946,8141704,0,1
2017-08-23,1.6842999458312988,1.6891599893569946,1.674589991569519,1.6891599893569946,3466492,0,1
2017-08-24,1.6891599893569946,1.6988600492477417,1.6600300073623657,1.6648900508880615,8270466,0,1
2017-08-25,1.6600300073623657,1.6648900508880615,1.6406199932098389,1.650320053100586,11039375,0,1
2017-08-28,1.650320053100586,1.6648900508880615,1.6406199932098389,1.6600300073623657,4763903,0,1
2017-08-29,1.6551799774169922,1.6697399616241455,1.6551799774169922,1.6600300073623657,6921035,0,1
2017-08-30,1.6648900508880615,1.6697399616241455,1.6551799774169922,1.6648900508880615,6586356,0,1
2017-08-31,1.6842999458312988,1.6940100193023682,1.6794500350952148,1.6891599893569946,11707189,0,1
2017-09-04,1.6940100193023682,1.6988600492477417,1.6794500350952148,1.6891599893569946,6498797,0,1
2017-09-05,1.6940100193023682,1.6940100193023682,1.6794500350952148,1.6794500350952148,5713346,0,1
2017-09-06,1.674589991569519,1.6891599893569946,1.650320053100586,1.6648900508880615,10050273,0,1
2017-09-07,1.6697399616241455,1.674589991569519,1.650320053100586,1.6551799774169922,6810712,0,1
2017-09-08,1.6697399616241455,1.6988600492477417,1.6697399616241455,1.674589991569519,10940692,0,1
2017-09-11,1.6842999458312988,1.6940100193023682,1.6794500350952148,1.6891599893569946,5821095,0,1
2017-09-12,1.6940100193023682,1.6940100193023682,1.6697399616241455,1.674589991569519,6930924,0,1
2017-09-13,1.6794500350952148,1.6842999458312988,1.6648900508880615,1.674589991569519,4396672,0,1
2017-09-14,1.6648900508880615,1.6697399616241455,1.650320053100586,1.6551799774169922,8204231,0,1
2017-09-15,1.6551799774169922,1.6648900508880615,1.650320053100586,1.650320053100586,21402181,0,1
2017-09-18,1.6551799774169922,1.6648900508880615,1.650320053100586,1.6600300073623657,6704817,0,1
2017-09-19,1.6697399616241455,1.6842999458312988,1.650320053100586,1.6600300073623657,8483697,0,1
2017-09-20,1.650320053100586,1.6551799774169922,1.6406199932098389,1.6454700231552124,8005216,0,1
2017-09-21,1.6454700231552124,1.6454700231552124,1.6454700231552124,1.6454700231552124,0,0,1
2017-09-22,1.6211999654769897,1.635759949684143,1.6163500547409058,1.6211999654769897,19812119,0,1
2017-09-25,1.6211999654769897,1.650320053100586,1.6211999654769897,1.650320053100586,6873445,0,1
2017-09-26,1.650320053100586,1.674589991569519,1.6454700231552124,1.6648900508880615,10732817,0,1
2017-09-27,1.6699999570846558,1.6799999475479126,1.659999966621399,1.6649999618530273,9815300,0,1
2017-09-28,1.6649999618530273,1.6699999570846558,1.6299999952316284,1.6399999856948853,13991700,0,1
2017-09-29,1.6449999809265137,1.659999966621399,1.6349999904632568,1.6549999713897705,14481200,0,1
2017-10-02,1.6549999713897705,1.659999966621399,1.6449999809265137,1.6549999713897705,8532589,0,1
2017-10-03,1.659999966621399,1.659999966621399,1.6349999904632568,1.649999976158142,7940000,0,1
2017-10-04,1.649999976158142,1.659999966621399,1.6399999856948853,1.649999976158142,11937200,0,1
2017-10-05,1.649999976158142,1.6549999713897705,1.6449999809265137,1.6549999713897705,7489300,0,1
2017-10-06,1.649999976158142,1.6549999713897705,1.6349999904632568,1.6399999856948853,12913100,0,1
2017-10-09,1.6349999904632568,1.6549999713897705,1.6349999904632568,1.649999976158142,15835900,0,1
2017-10-10,1.649999976158142,1.6549999713897705,1.6399999856948853,1.6449999809265137,11801500,0,1
2017-10-11,1.6449999809265137,1.6449999809265137,1.6299999952316284,1.6349999904632568,12763100,0,1
2017-10-12,1.6299999952316284,1.6399999856948853,1.625,1.6349999904632568,11006500,0,1
2017-10-13,1.6349999904632568,1.6799999475479126,1.6349999904632568,1.6699999570846558,15600900,0,1
2017-10-16,1.6699999570846558,1.6749999523162842,1.649999976158142,1.6649999618530273,9816200,0,1
2017-10-17,1.6699999570846558,1.6749999523162842,1.6549999713897705,1.659999966621399,10399300,0,1
2017-10-19,1.6699999570846558,1.6749999523162842,1.6549999713897705,1.659999966621399,9266700,0,1
2017-10-20,1.6649999618530273,1.6699999570846558,1.649999976158142,1.659999966621399,5164400,0,1
2017-10-23,1.659999966621399,1.6749999523162842,1.6549999713897705,1.6699999570846558,7426200,0,1
2017-10-24,1.6699999570846558,1.7000000476837158,1.6699999570846558,1.6749999523162842,14745600,0,1
2017-10-25,1.6699999570846558,1.6799999475479126,1.6649999618530273,1.6749999523162842,9752400,0,1
2017-10-26,1.6699999570846558,1.6950000524520874,1.6649999618530273,1.690000057220459,10791300,0,1
2017-10-27,1.690000057220459,1.690000057220459,1.6749999523162842,1.6799999475479126,8397400,0,1
2017-10-30,1.684999942779541,1.7100000381469727,1.684999942779541,1.7000000476837158,12755800,0,1
2017-10-31,1.7100000381469727,1.7350000143051147,1.7050000429153442,1.7350000143051147,20293700,0,1
2017-11-01,1.7450000047683716,1.7599999904632568,1.7400000095367432,1.7599999904632568,15296400,0,1
2017-11-02,1.7599999904632568,1.7699999809265137,1.7350000143051147,1.75,8021400,0,1
2017-11-03,1.7599999904632568,1.8049999475479126,1.7549999952316284,1.7949999570846558,21961900,0,1
2017-11-06,1.7899999618530273,1.809999942779541,1.7799999713897705,1.8049999475479126,18080100,0,1
2017-11-07,1.8200000524520874,1.8350000381469727,1.8200000524520874,1.8300000429153442,12400000,0,1
2017-11-08,1.8250000476837158,1.8250000476837158,1.7949999570846558,1.809999942779541,19364500,0,1
2017-11-09,1.8200000524520874,1.8350000381469727,1.815000057220459,1.8350000381469727,12394500,0,1
2017-11-10,1.8300000429153442,1.8350000381469727,1.815000057220459,1.8250000476837158,5549400,0,1
2017-11-13,1.8300000429153442,1.840000033378601,1.8200000524520874,1.840000033378601,5082600,0,1
2017-11-14,1.840000033378601,1.8600000143051147,1.8200000524520874,1.8300000429153442,15681600,0,1
2017-11-15,1.8300000429153442,1.850000023841858,1.809999942779541,1.8300000429153442,8316900,0,1
2017-11-16,1.8300000429153442,1.840000033378601,1.7899999618530273,1.8200000524520874,12708300,0,1
2017-11-17,1.8300000429153442,1.850000023841858,1.8300000429153442,1.850000023841858,9853000,0,1
2017-11-20,1.8600000143051147,1.9299999475479126,1.8600000143051147,1.909999966621399,15599900,0,1
2017-11-21,1.909999966621399,1.940000057220459,1.8700000047683716,1.899999976158142,17129100,0,1
2017-11-22,1.899999976158142,1.899999976158142,1.8300000429153442,1.8600000143051147,14424700,0,1
2017-11-23,1.8600000143051147,1.8600000143051147,1.809999942779541,1.8300000429153442,14032400,0,1
2017-11-24,1.8300000429153442,1.8600000143051147,1.8300000429153442,1.850000023841858,7595800,0,1
2017-11-27,1.8600000143051147,1.8700000047683716,1.8200000524520874,1.850000023841858,11990900,0,1
2017-11-28,1.850000023841858,1.850000023841858,1.8200000524520874,1.8300000429153442,15207225,0,1
2017-11-29,1.840000033378601,1.8700000047683716,1.8300000429153442,1.8600000143051147,17340300,0,1
2017-11-30,1.840000033378601,1.9500000476837158,1.840000033378601,1.8899999856948853,65062400,0,1
2017-12-01,1.8899999856948853,1.899999976158142,1.8700000047683716,1.8799999952316284,13632710,0,1
2017-12-04,1.8899999856948853,1.8899999856948853,1.8600000143051147,1.8600000143051147,8803800,0,1
2017-12-05,1.8700000047683716,1.8700000047683716,1.840000033378601,1.850000023841858,9500100,0,1
2017-12-06,1.840000033378601,1.8799999952316284,1.840000033378601,1.8600000143051147,8899100,0,1
2017-12-07,1.8600000143051147,1.909999966621399,1.8600000143051147,1.8799999952316284,6536600,0,1
2017-12-08,1.8899999856948853,1.899999976158142,1.8700000047683716,1.8799999952316284,5877100,0,1
2017-12-11,1.8799999952316284,1.9199999570846558,1.8799999952316284,1.9199999570846558,7904600,0,1
2017-12-12,1.9299999475479126,1.9299999475479126,1.8899999856948853,1.9199999570846558,9616200,0,1
2017-12-13,1.9199999570846558,1.9299999475479126,1.8799999952316284,1.8899999856948853,9350700,0,1
2017-12-14,1.899999976158142,1.909999966621399,1.8899999856948853,1.899999976158142,4033700,0,1
2017-12-15,1.899999976158142,1.899999976158142,1.8700000047683716,1.8700000047683716,15064700,0,1
2017-12-18,1.8799999952316284,1.909999966621399,1.8700000047683716,1.899999976158142,6983300,0,1
2017-12-19,1.899999976158142,1.9299999475479126,1.899999976158142,1.9299999475479126,6084800,0,1
2017-12-20,1.9299999475479126,1.9700000286102295,1.9199999570846558,1.9600000381469727,15548000,0,1
2017-12-21,1.940000057220459,1.9500000476837158,1.8799999952316284,1.899999976158142,10749000,0,1
2017-12-22,1.899999976158142,1.9299999475479126,1.899999976158142,1.909999966621399,3883600,0,1
2017-12-26,1.909999966621399,1.9199999570846558,1.899999976158142,1.909999966621399,2446000,0,1
2017-12-27,1.909999966621399,1.940000057220459,1.899999976158142,1.9199999570846558,4274900,0,1
2017-12-28,1.909999966621399,1.9500000476837158,1.909999966621399,1.940000057220459,3664500,0,1
2017-12-29,1.9500000476837158,1.9500000476837158,1.9299999475479126,1.9299999475479126,5618100,0,1
2018-01-02,1.940000057220459,1.9800000190734863,1.940000057220459,1.9800000190734863,8592100,0,1
2018-01-03,1.9800000190734863,1.9900000095367432,1.9500000476837158,1.9900000095367432,5886300,0,1
2018-01-04,2.0,2.0299999713897705,1.9800000190734863,2.0299999713897705,8215000,0,1
2018-01-05,2.049999952316284,2.049999952316284,1.9700000286102295,1.9800000190734863,13815700,0,1
2018-01-08,1.9800000190734863,1.9900000095367432,1.9700000286102295,1.9900000095367432,8365800,0,1
2018-01-09,1.9900000095367432,2.0,1.9700000286102295,1.9800000190734863,8554500,0,1
2018-01-10,1.9800000190734863,2.0,1.9700000286102295,2.0,10378400,0,1
2018-01-11,2.0,2.0,1.9800000190734863,1.9900000095367432,8567419,0,1
2018-01-12,1.9900000095367432,2.0,1.9700000286102295,1.9800000190734863,9056900,0,1
2018-01-15,1.9700000286102295,1.9700000286102295,1.9199999570846558,1.9299999475479126,20887900,0,1
2018-01-16,1.9299999475479126,1.9500000476837158,1.9199999570846558,1.940000057220459,6853500,0,1
2018-01-17,1.940000057220459,1.9500000476837158,1.9299999475479126,1.9500000476837158,7388700,0,1
2018-01-18,1.940000057220459,1.9500000476837158,1.899999976158142,1.9199999570846558,23245700,0,1
2018-01-19,1.9199999570846558,1.9199999570846558,1.909999966621399,1.9199999570846558,8258800,0,1
2018-01-22,1.9299999475479126,1.9600000381469727,1.9199999570846558,1.940000057220459,12738300,0,1
2018-01-23,1.940000057220459,1.940000057220459,1.899999976158142,1.909999966621399,15907000,0,1
2018-01-24,1.909999966621399,1.9199999570846558,1.8899999856948853,1.909999966621399,10968000,0,1
2018-01-25,1.899999976158142,1.9299999475479126,1.899999976158142,1.899999976158142,8914000,0,1
2018-01-26,1.899999976158142,1.940000057220459,1.8899999856948853,1.9199999570846558,13880000,0,1
2018-01-29,1.9199999570846558,1.9299999475479126,1.8899999856948853,1.899999976158142,10460500,0,1
2018-01-30,1.909999966621399,1.9299999475479126,1.899999976158142,1.909999966621399,12461300,0,1
2018-01-31,1.8799999952316284,1.8799999952316284,1.850000023841858,1.8700000047683716,16452900,0,1
2018-02-01,1.8600000143051147,1.8799999952316284,1.8200000524520874,1.840000033378601,27594300,0,1
2018-02-02,1.8300000429153442,1.840000033378601,1.75,1.7799999713897705,30719800,0,1
2018-02-05,1.7599999904632568,1.7899999618530273,1.7200000286102295,1.7799999713897705,21728700,0,1
2018-02-06,1.7300000190734863,1.75,1.690000057220459,1.7300000190734863,26141200,0,1
2018-02-07,1.75,1.7899999618530273,1.75,1.7699999809265137,28886200,0,1
2018-02-08,1.7899999618530273,1.7999999523162842,1.7400000095367432,1.75,27718600,0,1
2018-02-09,1.7100000381469727,1.7400000095367432,1.7000000476837158,1.7200000286102295,22043900,0,1
2018-02-12,1.7300000190734863,1.7400000095367432,1.7100000381469727,1.7200000286102295,24041800,0,1
2018-02-13,1.7200000286102295,1.7400000095367432,1.7000000476837158,1.7200000286102295,16200400,0,1
2018-02-14,1.7300000190734863,1.7699999809265137,1.7200000286102295,1.7400000095367432,21939600,0,1
2018-02-15,1.7400000095367432,1.75,1.7300000190734863,1.7400000095367432,7942900,0,1
2018-02-19,1.75,1.7799999713897705,1.75,1.7799999713897705,13224000,0,1
2018-02-20,1.7799999713897705,1.7899999618530273,1.7300000190734863,1.7599999904632568,9587500,0,1
2018-02-21,1.7699999809265137,1.7799999713897705,1.7400000095367432,1.75,12871700,0,1
2018-02-22,1.7300000190734863,1.7300000190734863,1.690000057220459,1.690000057220459,20415000,0,1
2018-02-23,1.7000000476837158,1.7200000286102295,1.690000057220459,1.690000057220459,14705800,0,1
2018-02-26,1.7000000476837158,1.7699999809265137,1.7000000476837158,1.75,21043000,0,1
2018-02-27,1.7599999904632568,1.7699999809265137,1.7300000190734863,1.7400000095367432,17577300,0,1
2018-02-28,1.75,1.75,1.7100000381469727,1.7300000190734863,17623900,0,1
2018-03-01,1.7200000286102295,1.7599999904632568,1.7100000381469727,1.75,13680800,0,1
2018-03-02,1.7300000190734863,1.7400000095367432,1.7200000286102295,1.7200000286102295,9586700,0,1
2018-03-05,1.7300000190734863,1.7400000095367432,1.690000057220459,1.7000000476837158,16379700,0,1
2018-03-06,1.7300000190734863,1.7400000095367432,1.7100000381469727,1.7200000286102295,13149100,0,1
2018-03-07,1.7300000190734863,1.7400000095367432,1.690000057220459,1.7000000476837158,13571200,0,1
2018-03-08,1.7100000381469727,1.75,1.7100000381469727,1.7400000095367432,19547700,0,1
2018-03-09,1.7300000190734863,1.7400000095367432,1.7100000381469727,1.7200000286102295,14992100,0,1
2018-03-12,1.7400000095367432,1.7599999904632568,1.7300000190734863,1.75,11249900,0,1
2018-03-13,1.7599999904632568,1.7799999713897705,1.7400000095367432,1.7699999809265137,19456600,0,1
2018-03-14,1.7699999809265137,1.7899999618530273,1.7599999904632568,1.7799999713897705,11323300,0,1
2018-03-15,1.7799999713897705,1.7899999618530273,1.75,1.7799999713897705,18940400,0,1
2018-03-16,1.7799999713897705,1.809999942779541,1.7799999713897705,1.809999942779541,18534800,0,1
2018-03-19,1.7999999523162842,1.8200000524520874,1.7799999713897705,1.809999942779541,10722849,0,1
2018-03-20,1.7999999523162842,1.8300000429153442,1.7999999523162842,1.8200000524520874,10277600,0,1
2018-03-21,1.8200000524520874,1.8300000429153442,1.7999999523162842,1.8300000429153442,8947900,0,1
2018-03-22,1.8200000524520874,1.8300000429153442,1.7999999523162842,1.8200000524520874,6389500,0,1
2018-03-23,1.7899999618530273,1.7999999523162842,1.7699999809265137,1.7799999713897705,11800200,0,1
2018-03-26,1.7699999809265137,1.7899999618530273,1.7599999904632568,1.7899999618530273,11582500,0,1
2018-03-27,1.7899999618530273,1.809999942779541,1.7799999713897705,1.7999999523162842,6838300,0,1
2018-03-28,1.7999999523162842,1.7999999523162842,1.7799999713897705,1.7799999713897705,7950900,0,1
2018-03-29,1.7899999618530273,1.840000033378601,1.7799999713897705,1.8300000429153442,13982100,0,1
2018-04-02,1.840000033378601,1.850000023841858,1.8200000524520874,1.8300000429153442,7158900,0,1
2018-04-03,1.8300000429153442,1.840000033378601,1.8200000524520874,1.840000033378601,7898100,0,1
2018-04-04,1.850000023841858,1.850000023841858,1.809999942779541,1.809999942779541,14626100,0,1
2018-04-05,1.8200000524520874,1.840000033378601,1.7899999618530273,1.8300000429153442,10538800,0,1
2018-04-06,1.8300000429153442,1.840000033378601,1.809999942779541,1.8200000524520874,7533100,0,1
2018-04-09,1.8200000524520874,1.840000033378601,1.8200000524520874,1.840000033378601,7829200,0,1
2018-04-10,1.8300000429153442,1.850000023841858,1.8200000524520874,1.840000033378601,7768000,0,1
2018-04-11,1.840000033378601,1.8600000143051147,1.8300000429153442,1.8300000429153442,14421000,0,1
2018-04-12,1.8300000429153442,1.840000033378601,1.7999999523162842,1.8300000429153442,12442300,0,1
2018-04-13,1.840000033378601,1.850000023841858,1.8300000429153442,1.840000033378601,5319400,0,1
2018-04-16,1.840000033378601,1.850000023841858,1.8200000524520874,1.840000033378601,5501700,0,1
2018-04-17,1.8300000429153442,1.840000033378601,1.809999942779541,1.809999942779541,9163500,0,1
2018-04-18,1.8200000524520874,1.840000033378601,1.8200000524520874,1.8300000429153442,8329000,0,1
2018-04-19,1.840000033378601,1.8700000047683716,1.8200000524520874,1.8600000143051147,12633200,0,1
2018-04-20,1.840000033378601,1.850000023841858,1.809999942779541,1.8200000524520874,14566800,0,1
2018-04-23,1.8300000429153442,1.840000033378601,1.7999999523162842,1.8200000524520874,8402400,0,1
2018-04-24,1.809999942779541,1.809999942779541,1.7899999618530273,1.7999999523162842,9078100,0,1
2018-04-25,1.7899999618530273,1.7899999618530273,1.7599999904632568,1.7799999713897705,12484300,0,1
2018-04-26,1.7799999713897705,1.7999999523162842,1.7799999713897705,1.7899999618530273,7445200,0,1
2018-04-27,1.7899999618530273,1.8200000524520874,1.7799999713897705,1.809999942779541,11639600,0,1
2018-04-30,1.8200000524520874,1.840000033378601,1.809999942779541,1.8200000524520874,13648100,0,1
2018-05-02,1.8200000524520874,1.8300000429153442,1.7999999523162842,1.809999942779541,12225800,0,1
2018-05-03,1.809999942779541,1.809999942779541,1.7899999618530273,1.7999999523162842,10183000,0,1
2018-05-04,1.7899999618530273,1.7999999523162842,1.7799999713897705,1.7999999523162842,5471400,0,1
2018-05-07,1.7999999523162842,1.7999999523162842,1.7799999713897705,1.7899999618530273,6025400,0,1
2018-05-08,1.7799999713897705,1.7799999713897705,1.7599999904632568,1.7699999809265137,9625700,0,1
2018-05-09,1.7699999809265137,1.7799999713897705,1.75,1.7599999904632568,15842300,0,1
2018-05-10,1.7599999904632568,1.7699999809265137,1.75,1.7599999904632568,15721400,0,1
2018-05-11,1.7699999809265137,1.7799999713897705,1.7599999904632568,1.7699999809265137,7944500,0,1
2018-05-14,1.7699999809265137,1.7799999713897705,1.7599999904632568,1.7799999713897705,10310600,0,1
2018-05-15,1.7699999809265137,1.7699999809265137,1.7400000095367432,1.75,24565000,0,1
2018-05-16,1.7400000095367432,1.75,1.7200000286102295,1.7200000286102295,19309200,0,1
2018-05-17,1.7200000286102295,1.7200000286102295,1.7200000286102295,1.7200000286102295,0,0,1
2018-05-18,1.7200000286102295,1.7300000190734863,1.7000000476837158,1.7100000381469727,23020900,0,1
2018-05-21,1.7200000286102295,1.7400000095367432,1.7200000286102295,1.7300000190734863,14917600,0,1
2018-05-22,1.7300000190734863,1.75,1.7200000286102295,1.7400000095367432,8777100,0,1
2018-05-23,1.7000000476837158,1.7000000476837158,1.6799999475479126,1.690000057220459,9696900,0,1
2018-05-24,1.690000057220459,1.7200000286102295,1.690000057220459,1.7000000476837158,12434504,0,1
2018-05-25,1.7100000381469727,1.7200000286102295,1.7000000476837158,1.7100000381469727,8001200,0,1
2018-05-28,1.7100000381469727,1.7100000381469727,1.7000000476837158,1.7000000476837158,3200000,0,1
2018-05-30,1.7000000476837158,1.7100000381469727,1.690000057220459,1.7000000476837158,19984800,0,1
2018-05-31,1.7100000381469727,1.7100000381469727,1.7000000476837158,1.7100000381469727,10283100,0,1
2018-06-01,1.7000000476837158,1.7100000381469727,1.6799999475479126,1.690000057220459,9641235,0,1
2018-06-04,1.7000000476837158,1.7100000381469727,1.7000000476837158,1.7100000381469727,6460800,0,1
2018-06-05,1.7200000286102295,1.7400000095367432,1.7100000381469727,1.7300000190734863,11693900,0,1
2018-06-06,1.7300000190734863,1.7400000095367432,1.7200000286102295,1.7300000190734863,7744500,0,1
2018-06-07,1.7300000190734863,1.7300000190734863,1.7100000381469727,1.7200000286102295,6633800,0,1
2018-06-08,1.7100000381469727,1.7300000190734863,1.690000057220459,1.7000000476837158,8714300,0,1
2018-06-11,1.7000000476837158,1.7000000476837158,1.6799999475479126,1.7000000476837158,7653200,0,1
2018-06-12,1.7000000476837158,1.7100000381469727,1.690000057220459,1.7000000476837158,4526700,0,1
2018-06-13,1.7000000476837158,1.7100000381469727,1.6799999475479126,1.690000057220459,8042100,0,1
2018-06-14,1.6799999475479126,1.690000057220459,1.6399999856948853,1.6399999856948853,29336400,0,1
2018-06-18,1.649999976158142,1.649999976158142,1.6100000143051147,1.6299999952316284,11489000,0,1
2018-06-19,1.6299999952316284,1.659999966621399,1.6299999952316284,1.6399999856948853,13694100,0,1
2018-06-20,1.6399999856948853,1.6699999570846558,1.6299999952316284,1.649999976158142,9963200,0,1
2018-06-21,1.649999976158142,1.649999976158142,1.6299999952316284,1.6399999856948853,8037200,0,1
2018-06-22,1.6399999856948853,1.649999976158142,1.6299999952316284,1.6399999856948853,4802000,0,1
2018-06-25,1.6399999856948853,1.649999976158142,1.6200000047683716,1.6399999856948853,12704200,0,1
2018-06-26,1.6399999856948853,1.6699999570846558,1.6200000047683716,1.659999966621399,20782797,0,1
2018-06-27,1.649999976158142,1.659999966621399,1.6299999952316284,1.649999976158142,10080500,0,1
2018-06-28,1.649999976158142,1.659999966621399,1.6299999952316284,1.6299999952316284,14428600,0,1
2018-06-29,1.6299999952316284,1.6699999570846558,1.6200000047683716,1.659999966621399,17479000,0,1
2018-07-02,1.659999966621399,1.659999966621399,1.6299999952316284,1.6299999952316284,16044200,0,1
2018-07-03,1.6299999952316284,1.6699999570846558,1.6200000047683716,1.659999966621399,18152100,0,1
2018-07-04,1.659999966621399,1.6699999570846558,1.6399999856948853,1.659999966621399,14301600,0,1
2018-07-05,1.659999966621399,1.6699999570846558,1.649999976158142,1.6699999570846558,8694000,0,1
2018-07-06,1.649999976158142,1.7000000476837158,1.649999976158142,1.7000000476837158,18551100,0,1
2018-07-09,1.7000000476837158,1.75,1.7000000476837158,1.7300000190734863,22942500,0,1
2018-07-10,1.7300000190734863,1.7400000095367432,1.7000000476837158,1.7400000095367432,13436000,0,1
2018-07-11,1.7300000190734863,1.7599999904632568,1.7100000381469727,1.7400000095367432,18946800,0,1
2018-07-12,1.7400000095367432,1.7599999904632568,1.7200000286102295,1.75,14270200,0,1
2018-07-13,1.75,1.75,1.7400000095367432,1.75,2731500,0,1
2018-07-16,1.7400000095367432,1.7699999809265137,1.7300000190734863,1.7300000190734863,6339000,0,1
2018-07-17,1.7400000095367432,1.7400000095367432,1.7100000381469727,1.7400000095367432,13549700,0,1
2018-07-18,1.7400000095367432,1.7699999809265137,1.7400000095367432,1.7599999904632568,12024500,0,1
2018-07-19,1.7699999809265137,1.7799999713897705,1.7400000095367432,1.75,15254600,0,1
2018-07-20,1.7400000095367432,1.7599999904632568,1.7300000190734863,1.75,9148400,0,1
2018-07-23,1.75,1.7699999809265137,1.7400000095367432,1.7699999809265137,5985800,0,1
2018-07-24,1.7599999904632568,1.7699999809265137,1.75,1.7599999904632568,7052600,0,1
2018-07-25,1.75,1.7699999809265137,1.7300000190734863,1.7599999904632568,14170700,0,1
2018-07-26,1.7599999904632568,1.7699999809265137,1.7400000095367432,1.75,7106700,0,1
2018-07-27,1.75,1.7599999904632568,1.7300000190734863,1.7400000095367432,8751300,0,1
2018-07-30,1.7400000095367432,1.7599999904632568,1.7400000095367432,1.75,5346600,0,1
2018-07-31,1.7400000095367432,1.7599999904632568,1.7400000095367432,1.75,11175400,0,1
2018-08-01,1.75,1.7599999904632568,1.7300000190734863,1.7400000095367432,8238100,0,1
2018-08-02,1.7400000095367432,1.75,1.7200000286102295,1.7200000286102295,8583400,0,1
2018-08-03,1.7300000190734863,1.75,1.7100000381469727,1.7100000381469727,8287600,0,1
2018-08-06,1.7200000286102295,1.7300000190734863,1.7000000476837158,1.7200000286102295,8482600,0,1
2018-08-07,1.7300000190734863,1.75,1.7000000476837158,1.7300000190734863,13925100,0,1
2018-08-08,1.7200000286102295,1.7400000095367432,1.7200000286102295,1.7400000095367432,8027300,0,1
2018-08-10,1.7400000095367432,1.7599999904632568,1.7100000381469727,1.7100000381469727,26755147,0,1
2018-08-13,1.7100000381469727,1.7400000095367432,1.690000057220459,1.7100000381469727,17264500,0,1
2018-08-14,1.7200000286102295,1.7400000095367432,1.7100000381469727,1.7100000381469727,13221500,0,1
2018-08-15,1.7200000286102295,1.75,1.7100000381469727,1.7400000095367432,13140900,0,1
2018-08-16,1.7400000095367432,1.75,1.7300000190734863,1.7400000095367432,10091500,0,1
2018-08-17,1.7400000095367432,1.75,1.7200000286102295,1.75,8113000,0,1
2018-08-20,1.75,1.7799999713897705,1.75,1.7799999713897705,18486300,0,1
2018-08-21,1.7799999713897705,1.7899999618530273,1.7599999904632568,1.7699999809265137,15534100,0,1
2018-08-23,1.7699999809265137,1.7899999618530273,1.7599999904632568,1.7699999809265137,10930000,0,1
2018-08-24,1.7599999904632568,1.7699999809265137,1.75,1.75,11123700,0,1
2018-08-27,1.7599999904632568,1.7699999809265137,1.75,1.75,6147500,0,1
2018-08-28,1.7599999904632568,1.7699999809265137,1.75,1.75,9620200,0,1
2018-08-29,1.7699999809265137,1.7699999809265137,1.7599999904632568,1.7699999809265137,4352700,0,1
2018-08-30,1.7799999713897705,1.7799999713897705,1.7599999904632568,1.7699999809265137,7449900,0,1
2018-08-31,1.7599999904632568,1.7699999809265137,1.7599999904632568,1.7699999809265137,10402100,0,1
2018-09-03,1.7699999809265137,1.7799999713897705,1.75,1.7699999809265137,7434700,0,1
2018-09-04,1.7599999904632568,1.7599999904632568,1.75,1.7599999904632568,4949000,0,1
2018-09-05,1.7599999904632568,1.7599999904632568,1.75,1.75,3680600,0,1
2018-09-06,1.7599999904632568,1.7599999904632568,1.7400000095367432,1.75,13739100,0,1
2018-09-07,1.75,1.7699999809265137,1.7300000190734863,1.7699999809265137,10523700,0,1
2018-09-10,1.7599999904632568,1.7799999713897705,1.75,1.75,7449600,0,1
2018-09-11,1.75,1.7599999904632568,1.7200000286102295,1.7599999904632568,9006800,0,1
2018-09-12,1.7599999904632568,1.7599999904632568,1.7300000190734863,1.7400000095367432,6940700,0,1
2018-09-13,1.7300000190734863,1.7599999904632568,1.7300000190734863,1.7400000095367432,10703788,0,1
2018-09-14,1.75,1.7699999809265137,1.7400000095367432,1.7699999809265137,7128100,0,1
2018-09-17,1.7599999904632568,1.7599999904632568,1.75,1.7599999904632568,2106300,0,1
2018-09-18,1.7599999904632568,1.7599999904632568,1.7400000095367432,1.75,6462700,0,1
2018-09-19,1.7599999904632568,1.7799999713897705,1.75,1.75,8005600,0,1
2018-09-20,1.75,1.7599999904632568,1.7400000095367432,1.75,6763800,0,1
2018-09-21,1.7599999904632568,1.7599999904632568,1.7300000190734863,1.75,14631300,0,1
2018-09-24,1.75,1.7599999904632568,1.75,1.7599999904632568,2573300,0,1
2018-09-25,1.75,1.7599999904632568,1.7400000095367432,1.7599999904632568,6318300,0,1
2018-09-26,1.7599999904632568,1.7699999809265137,1.75,1.75,5298000,0,1
2018-09-27,1.7699999809265137,1.7899999618530273,1.7599999904632568,1.7799999713897705,11787200,0,1
2018-09-28,1.7699999809265137,1.7799999713897705,1.7599999904632568,1.7799999713897705,9540500,0,1
2018-10-01,1.7799999713897705,1.7999999523162842,1.7699999809265137,1.7799999713897705,7894900,0,1
2018-10-02,1.7799999713897705,1.7899999618530273,1.7599999904632568,1.7699999809265137,5501400,0,1
2018-10-03,1.7799999713897705,1.7799999713897705,1.7599999904632568,1.7699999809265137,5171800,0,1
2018-10-04,1.7599999904632568,1.7699999809265137,1.7400000095367432,1.7599999904632568,11356900,0,1
2018-10-05,1.7599999904632568,1.7599999904632568,1.7400000095367432,1.7400000095367432,8486900,0,1
2018-10-08,1.7300000190734863,1.7400000095367432,1.7100000381469727,1.7300000190734863,11670700,0,1
2018-10-09,1.7300000190734863,1.7300000190734863,1.7000000476837158,1.7200000286102295,8753500,0,1
2018-10-10,1.7200000286102295,1.75,1.7100000381469727,1.7200000286102295,13404000,0,1
2018-10-11,1.7000000476837158,1.7000000476837158,1.6799999475479126,1.6799999475479126,16582200,0,1
2018-10-12,1.6799999475479126,1.7200000286102295,1.6699999570846558,1.7200000286102295,11331900,0,1
2018-10-15,1.7000000476837158,1.7100000381469727,1.6699999570846558,1.690000057220459,14900200,0,1
2018-10-16,1.690000057220459,1.7000000476837158,1.6699999570846558,1.690000057220459,8557700,0,1
2018-10-17,1.7100000381469727,1.7300000190734863,1.7000000476837158,1.7200000286102295,9513800,0,1
2018-10-18,1.7200000286102295,1.7300000190734863,1.7000000476837158,1.7200000286102295,6158600,0,1
2018-10-19,1.7000000476837158,1.7300000190734863,1.7000000476837158,1.7100000381469727,4685200,0,1
2018-10-22,1.7100000381469727,1.7300000190734863,1.7100000381469727,1.7300000190734863,4781200,0,1
2018-10-23,1.7200000286102295,1.7300000190734863,1.7100000381469727,1.7300000190734863,13719700,0,1
2018-10-24,1.7300000190734863,1.7400000095367432,1.7200000286102295,1.7300000190734863,8697700,0,1
2018-10-25,1.7100000381469727,1.7300000190734863,1.7000000476837158,1.7300000190734863,5511500,0,1
2018-10-26,1.7300000190734863,1.7300000190734863,1.690000057220459,1.7200000286102295,16859400,0,1
2018-10-29,1.7200000286102295,1.7400000095367432,1.7100000381469727,1.7300000190734863,11525100,0,1
2018-10-30,1.7300000190734863,1.7300000190734863,1.690000057220459,1.7200000286102295,17718500,0,1
2018-10-31,1.7200000286102295,1.7400000095367432,1.7100000381469727,1.7300000190734863,14419700,0,1
2018-11-01,1.7200000286102295,1.7300000190734863,1.690000057220459,1.690000057220459,14296600,0,1
2018-11-02,1.7000000476837158,1.7100000381469727,1.6799999475479126,1.7000000476837158,12929900,0,1
2018-11-05,1.690000057220459,1.7000000476837158,1.6799999475479126,1.690000057220459,7272200,0,1
2018-11-07,1.690000057220459,1.7000000476837158,1.6799999475479126,1.690000057220459,9870100,0,1
2018-11-08,1.7000000476837158,1.7000000476837158,1.6799999475479126,1.7000000476837158,9565700,0,1
2018-11-09,1.6799999475479126,1.7000000476837158,1.6699999570846558,1.690000057220459,21951500,0,1
2018-11-12,1.690000057220459,1.690000057220459,1.6699999570846558,1.6799999475479126,9557600,0,1
2018-11-13,1.6699999570846558,1.6799999475479126,1.6699999570846558,1.6799999475479126,5459100,0,1
2018-11-14,1.6699999570846558,1.6799999475479126,1.649999976158142,1.6799999475479126,36598200,0,1
2018-11-15,1.6799999475479126,1.7000000476837158,1.6699999570846558,1.7000000476837158,9442900,0,1
2018-11-16,1.7000000476837158,1.7200000286102295,1.690000057220459,1.7100000381469727,15346100,0,1
2018-11-19,1.7100000381469727,1.7100000381469727,1.690000057220459,1.7000000476837158,13882800,0,1
2018-11-20,1.7000000476837158,1.7100000381469727,1.690000057220459,1.7000000476837158,15108700,0,1
2018-11-21,1.7000000476837158,1.7100000381469727,1.690000057220459,1.7000000476837158,6844100,0,1
2018-11-22,1.690000057220459,1.7000000476837158,1.6799999475479126,1.7000000476837158,6844800,0,1
2018-11-23,1.690000057220459,1.7200000286102295,1.690000057220459,1.7100000381469727,8705100,0,1
2018-11-26,1.7200000286102295,1.7300000190734863,1.7100000381469727,1.7200000286102295,7695900,0,1
2018-11-27,1.7200000286102295,1.7300000190734863,1.7100000381469727,1.7200000286102295,23554800,0,1
2018-11-28,1.7300000190734863,1.7599999904632568,1.7200000286102295,1.75,20079900,0,1
2018-11-29,1.75,1.7599999904632568,1.7400000095367432,1.7599999904632568,19313600,0,1
2018-11-30,1.7599999904632568,1.7699999809265137,1.7400000095367432,1.7400000095367432,23539400,0,1
2018-12-03,1.7599999904632568,1.7699999809265137,1.75,1.7599999904632568,13289300,0,1
2018-12-04,1.7699999809265137,1.7699999809265137,1.75,1.7599999904632568,8162500,0,1
2018-12-05,1.7599999904632568,1.7799999713897705,1.7400000095367432,1.7699999809265137,9946000,0,1
2018-12-06,1.7599999904632568,1.7799999713897705,1.7599999904632568,1.7799999713897705,10924200,0,1
2018-12-07,1.7799999713897705,1.7999999523162842,1.7699999809265137,1.7699999809265137,10225600,0,1
2018-12-10,1.7699999809265137,1.7799999713897705,1.7599999904632568,1.7599999904632568,7273500,0,1
2018-12-11,1.7599999904632568,1.7799999713897705,1.75,1.7799999713897705,8565500,0,1
2018-12-12,1.7799999713897705,1.7899999618530273,1.7699999809265137,1.7899999618530273,8672100,0,1
2018-12-13,1.7899999618530273,1.7999999523162842,1.7799999713897705,1.7899999618530273,6840700,0,1
2018-12-14,1.7799999713897705,1.7999999523162842,1.7799999713897705,1.7799999713897705,9345400,0,1
2018-12-17,1.7799999713897705,1.7899999618530273,1.7699999809265137,1.7899999618530273,11709400,0,1
2018-12-18,1.7799999713897705,1.7799999713897705,1.7599999904632568,1.7799999713897705,11393800,0,1
2018-12-19,1.7799999713897705,1.7999999523162842,1.7699999809265137,1.7999999523162842,8199200,0,1
2018-12-20,1.7899999618530273,1.7999999523162842,1.7899999618530273,1.7999999523162842,6881200,0,1
2018-12-21,1.7899999618530273,1.809999942779541,1.7699999809265137,1.7899999618530273,19795524,0,1
2018-12-24,1.7799999713897705,1.7799999713897705,1.7599999904632568,1.7799999713897705,5931700,0,1
2018-12-26,1.75,1.7599999904632568,1.7400000095367432,1.7599999904632568,6423700,0,1
2018-12-27,1.7799999713897705,1.7899999618530273,1.7699999809265137,1.7699999809265137,6748900,0,1
2018-12-28,1.7699999809265137,1.7699999809265137,1.7400000095367432,1.7400000095367432,5549500,0,1
2018-12-31,1.75,1.7699999809265137,1.7400000095367432,1.75,3694200,0,1
2019-01-01,1.75,1.75,1.75,1.75,0,0,1
2019-01-02,1.75,1.7699999809265137,1.7400000095367432,1.7599999904632568,5950700,0,1
2019-01-03,1.75,1.7699999809265137,1.7400000095367432,1.75,9889500,0,1
2019-01-04,1.75,1.7999999523162842,1.75,1.7999999523162842,17438500,0,1
2019-01-07,1.7999999523162842,1.809999942779541,1.7899999618530273,1.7999999523162842,8838900,0,1
2019-01-08,1.7999999523162842,1.7999999523162842,1.7699999809265137,1.7799999713897705,9732700,0,1
2019-01-09,1.7899999618530273,1.8200000524520874,1.7899999618530273,1.7999999523162842,15008600,0,1
2019-01-10,1.7899999618530273,1.809999942779541,1.7899999618530273,1.809999942779541,4295000,0,1
2019-01-11,1.809999942779541,1.8300000429153442,1.809999942779541,1.8200000524520874,9455300,0,1
2019-01-14,1.8200000524520874,1.8200000524520874,1.8200000524520874,1.8200000524520874,0,0,1
2019-01-15,1.8300000429153442,1.850000023841858,1.8200000524520874,1.8300000429153442,16083400,0,1
2019-01-16,1.840000033378601,1.850000023841858,1.8300000429153442,1.8300000429153442,19298900,0,1
2019-01-17,1.840000033378601,1.840000033378601,1.8200000524520874,1.8300000429153442,11435000,0,1
2019-01-18,1.8300000429153442,1.850000023841858,1.8200000524520874,1.840000033378601,9733800,0,1
2019-01-21,1.850000023841858,1.850000023841858,1.8300000429153442,1.8300000429153442,6210900,0,1
2019-01-22,1.840000033378601,1.840000033378601,1.8300000429153442,1.8300000429153442,5709800,0,1
2019-01-23,1.8200000524520874,1.8300000429153442,1.809999942779541,1.8300000429153442,9861900,0,1
2019-01-24,1.840000033378601,1.8600000143051147,1.840000033378601,1.850000023841858,13650700,0,1
2019-01-25,1.8600000143051147,1.9199999570846558,1.8600000143051147,1.899999976158142,30190600,0,1
2019-01-28,1.899999976158142,1.909999966621399,1.8899999856948853,1.909999966621399,17980100,0,1
2019-01-29,1.8899999856948853,1.909999966621399,1.8899999856948853,1.909999966621399,10238500,0,1
2019-01-30,1.899999976158142,1.909999966621399,1.8700000047683716,1.8799999952316284,20905900,0,1
2019-01-31,1.850000023841858,1.8799999952316284,1.840000033378601,1.8799999952316284,21564600,0,1
2019-02-01,1.8799999952316284,1.899999976158142,1.8700000047683716,1.8700000047683716,13391600,0,1
2019-02-04,1.8799999952316284,1.8899999856948853,1.8700000047683716,1.8899999856948853,9352700,0,1
2019-02-05,1.8899999856948853,1.8899999856948853,1.8899999856948853,1.8899999856948853,0,0,1
2019-02-07,1.899999976158142,1.909999966621399,1.8899999856948853,1.8899999856948853,10302000,0,1
2019-02-08,1.899999976158142,1.909999966621399,1.8799999952316284,1.899999976158142,6781568,0,1
2019-02-11,1.8899999856948853,1.899999976158142,1.8799999952316284,1.8899999856948853,11797200,0,1
2019-02-12,1.8899999856948853,1.899999976158142,1.8700000047683716,1.8799999952316284,11657000,0,1
2019-02-13,1.8899999856948853,1.899999976158142,1.850000023841858,1.8700000047683716,15782500,0,1
2019-02-14,1.8600000143051147,1.8799999952316284,1.850000023841858,1.8600000143051147,11430500,0,1
2019-02-15,1.8600000143051147,1.8799999952316284,1.850000023841858,1.8700000047683716,13746000,0,1
2019-02-18,1.8799999952316284,1.899999976158142,1.8799999952316284,1.8799999952316284,12515200,0,1
2019-02-19,1.8899999856948853,1.8899999856948853,1.8799999952316284,1.8799999952316284,5714100,0,1
2019-02-20,1.8899999856948853,1.899999976158142,1.8700000047683716,1.8899999856948853,10404200,0,1
2019-02-21,1.899999976158142,1.9199999570846558,1.899999976158142,1.899999976158142,11798100,0,1
2019-02-22,1.909999966621399,1.9299999475479126,1.899999976158142,1.9199999570846558,13239100,0,1
2019-02-25,1.940000057220459,1.940000057220459,1.9199999570846558,1.940000057220459,7748700,0,1
2019-02-26,1.940000057220459,1.9500000476837158,1.909999966621399,1.9199999570846558,14394500,0,1
2019-02-27,1.940000057220459,1.9600000381469727,1.9199999570846558,1.9199999570846558,18245000,0,1
2019-02-28,1.940000057220459,1.9500000476837158,1.9199999570846558,1.940000057220459,18266100,0,1
2019-03-01,1.9299999475479126,1.9500000476837158,1.9299999475479126,1.940000057220459,8752700,0,1
2019-03-04,1.940000057220459,1.9500000476837158,1.9299999475479126,1.9500000476837158,6369000,0,1
2019-03-05,1.940000057220459,1.9700000286102295,1.9199999570846558,1.9299999475479126,17628200,0,1
2019-03-06,1.9199999570846558,1.940000057220459,1.9199999570846558,1.9299999475479126,13464300,0,1
2019-03-07,1.940000057220459,1.9800000190734863,1.940000057220459,1.9700000286102295,26644100,0,1
2019-03-08,1.9600000381469727,1.9600000381469727,1.9299999475479126,1.940000057220459,17822600,0,1
2019-03-11,1.940000057220459,1.9500000476837158,1.9299999475479126,1.940000057220459,6410300,0,1
2019-03-12,1.9500000476837158,1.9800000190734863,1.9500000476837158,1.9700000286102295,8995100,0,1
2019-03-13,1.9800000190734863,1.9900000095367432,1.940000057220459,1.9600000381469727,18832900,0,1
2019-03-14,1.9600000381469727,1.9900000095367432,1.9500000476837158,1.9800000190734863,17847000,0,1
2019-03-15,1.9800000190734863,2.009999990463257,1.9700000286102295,1.9800000190734863,33477400,0,1
2019-03-18,1.9800000190734863,1.9900000095367432,1.9600000381469727,1.9800000190734863,13417300,0,1
2019-03-19,1.9700000286102295,1.9800000190734863,1.940000057220459,1.940000057220459,20414000,0,1
2019-03-20,1.940000057220459,1.940000057220459,1.899999976158142,1.909999966621399,29979200,0,1
2019-03-21,1.9199999570846558,1.9600000381469727,1.909999966621399,1.9500000476837158,17860100,0,1
2019-03-22,1.9500000476837158,1.9600000381469727,1.940000057220459,1.9500000476837158,8332000,0,1
2019-03-25,1.940000057220459,1.9500000476837158,1.899999976158142,1.9199999570846558,20883300,0,1
2019-03-26,1.9299999475479126,1.9700000286102295,1.9199999570846558,1.9700000286102295,22683400,0,1
2019-03-27,1.9700000286102295,1.9800000190734863,1.9500000476837158,1.9700000286102295,11599800,0,1
2019-03-28,1.9600000381469727,1.9700000286102295,1.9299999475479126,1.940000057220459,14963500,0,1
2019-03-29,1.940000057220459,1.9600000381469727,1.9299999475479126,1.940000057220459,14338400,0,1
2019-04-01,1.9500000476837158,1.9700000286102295,1.9500000476837158,1.9600000381469727,6477400,0,1
2019-04-02,1.9700000286102295,1.9800000190734863,1.9600000381469727,1.9700000286102295,11114700,0,1
2019-04-03,1.9800000190734863,1.9800000190734863,1.9299999475479126,1.9500000476837158,15035400,0,1
2019-04-04,1.9600000381469727,1.9900000095367432,1.9600000381469727,1.9900000095367432,26707900,0,1
2019-04-05,1.9800000190734863,2.0,1.9600000381469727,1.9600000381469727,23249000,0,1
2019-04-08,1.9700000286102295,1.9800000190734863,1.9600000381469727,1.9800000190734863,4989900,0,1
2019-04-09,1.9800000190734863,1.9900000095367432,1.9700000286102295,1.9800000190734863,16912200,0,1
2019-04-10,1.9700000286102295,1.9900000095367432,1.9700000286102295,1.9900000095367432,7413200,0,1
2019-04-11,1.9800000190734863,1.9900000095367432,1.9700000286102295,1.9800000190734863,10161700,0,1
2019-04-12,1.9700000286102295,1.9900000095367432,1.9299999475479126,1.940000057220459,19862100,0,1
2019-04-15,1.9500000476837158,1.9600000381469727,1.940000057220459,1.9500000476837158,7825800,0,1
2019-04-16,1.9500000476837158,1.9700000286102295,1.940000057220459,1.9700000286102295,15409900,0,1
2019-04-17,1.9500000476837158,1.9600000381469727,1.9199999570846558,1.9299999475479126,12088600,0,1
2019-04-18,1.9299999475479126,1.9299999475479126,1.899999976158142,1.9299999475479126,12696500,0,1
2019-04-22,1.9299999475479126,1.940000057220459,1.9199999570846558,1.9299999475479126,5972000,0,1
2019-04-23,1.9299999475479126,1.940000057220459,1.909999966621399,1.9199999570846558,8305100,0,1
2019-04-24,1.9199999570846558,1.9500000476837158,1.899999976158142,1.9500000476837158,15340000,0,1
2019-04-25,1.940000057220459,1.9500000476837158,1.909999966621399,1.9199999570846558,13248800,0,1
2019-04-26,1.909999966621399,1.9299999475479126,1.899999976158142,1.9299999475479126,6393200,0,1
2019-04-29,1.9299999475479126,1.9500000476837158,1.9299999475479126,1.9500000476837158,14159100,0,1
2019-04-30,1.9500000476837158,1.9500000476837158,1.9299999475479126,1.940000057220459,11639600,0,1
2019-05-02,1.940000057220459,1.9500000476837158,1.9199999570846558,1.9500000476837158,13183400,0,1
2019-05-03,1.9500000476837158,1.9600000381469727,1.940000057220459,1.9500000476837158,9014700,0,1
2019-05-06,1.940000057220459,1.940000057220459,1.899999976158142,1.9199999570846558,17552600,0,1
2019-05-07,1.909999966621399,1.9299999475479126,1.909999966621399,1.9199999570846558,10743100,0,1
2019-05-08,1.909999966621399,1.909999966621399,1.8799999952316284,1.899999976158142,18032300,0,1
2019-05-09,1.8799999952316284,1.899999976158142,1.8700000047683716,1.8899999856948853,11073600,0,1
2019-05-10,1.899999976158142,1.909999966621399,1.8799999952316284,1.899999976158142,5779000,0,1
2019-05-13,1.8899999856948853,1.9299999475479126,1.8799999952316284,1.909999966621399,11398500,0,1
2019-05-14,1.909999966621399,1.909999966621399,1.8899999856948853,1.899999976158142,4950000,0,1
2019-05-15,1.909999966621399,1.9199999570846558,1.899999976158142,1.909999966621399,9338500,0,1
2019-05-16,1.9199999570846558,1.9299999475479126,1.899999976158142,1.9299999475479126,6684100,0,1
2019-05-17,1.9199999570846558,1.940000057220459,1.9199999570846558,1.9299999475479126,8757900,0,1
2019-05-21,1.9299999475479126,1.940000057220459,1.909999966621399,1.909999966621399,13203500,0,1
2019-05-22,1.909999966621399,1.940000057220459,1.899999976158142,1.940000057220459,10675300,0,1
2019-05-23,1.9500000476837158,1.9500000476837158,1.909999966621399,1.9199999570846558,18325600,0,1
2019-05-24,1.9199999570846558,1.9500000476837158,1.909999966621399,1.9199999570846558,17860700,0,1
2019-05-27,1.9199999570846558,1.9500000476837158,1.9199999570846558,1.940000057220459,10219800,0,1
2019-05-28,1.940000057220459,1.9600000381469727,1.9299999475479126,1.940000057220459,24417600,0,1
2019-05-29,1.940000057220459,1.9500000476837158,1.9199999570846558,1.9500000476837158,10934200,0,1
2019-05-30,1.9500000476837158,1.9500000476837158,1.9299999475479126,1.9500000476837158,10330900,0,1
2019-05-31,1.940000057220459,1.9500000476837158,1.9199999570846558,1.9299999475479126,13446000,0,1
2019-06-03,1.9299999475479126,1.9800000190734863,1.9299999475479126,1.9800000190734863,23139800,0,1
2019-06-04,1.9900000095367432,2.0,1.9600000381469727,1.9900000095367432,19972000,0,1
2019-06-06,2.0,2.0299999713897705,1.9800000190734863,2.009999990463257,33442100,0,1
2019-06-07,2.0199999809265137,2.0199999809265137,1.9900000095367432,2.009999990463257,7256100,0,1
2019-06-10,2.0199999809265137,2.049999952316284,2.009999990463257,2.0399999618530273,18038600,0,1
2019-06-11,2.0299999713897705,2.049999952316284,2.0199999809265137,2.0399999618530273,9895000,0,1
2019-06-12,2.0399999618530273,2.049999952316284,2.0199999809265137,2.049999952316284,9477300,0,1
2019-06-13,2.049999952316284,2.0799999237060547,2.0299999713897705,2.0799999237060547,16416900,0,1
2019-06-14,2.069999933242798,2.069999933242798,2.049999952316284,2.059999942779541,12238700,0,1
2019-06-17,2.059999942779541,2.069999933242798,2.049999952316284,2.069999933242798,11574300,0,1
2019-06-18,2.0799999237060547,2.130000114440918,2.069999933242798,2.109999895095825,22891800,0,1
2019-06-19,2.130000114440918,2.1500000953674316,2.109999895095825,2.130000114440918,18079600,0,1
2019-06-20,2.140000104904175,2.1600000858306885,2.119999885559082,2.1600000858306885,18948200,0,1
2019-06-21,2.1600000858306885,2.1600000858306885,2.119999885559082,2.140000104904175,29092700,0,1
2019-06-24,2.119999885559082,2.1500000953674316,2.119999885559082,2.140000104904175,9035789,0,1
2019-06-25,2.140000104904175,2.1500000953674316,2.119999885559082,2.1500000953674316,11217360,0,1
2019-06-26,2.1500000953674316,2.1600000858306885,2.130000114440918,2.1600000858306885,18005200,0,1
2019-06-27,2.1500000953674316,2.1600000858306885,2.140000104904175,2.1600000858306885,11153500,0,1
2019-06-28,2.1600000858306885,2.190000057220459,2.1600000858306885,2.1700000762939453,22269300,0,1
2019-07-01,2.1700000762939453,2.180000066757202,2.1500000953674316,2.180000066757202,12278500,0,1
2019-07-02,2.1700000762939453,2.190000057220459,2.1500000953674316,2.1700000762939453,13109200,0,1
2019-07-03,2.180000066757202,2.25,2.180000066757202,2.2300000190734863,18460400,0,1
2019-07-04,2.2300000190734863,2.259999990463257,2.2200000286102295,2.259999990463257,20626100,0,1
2019-07-05,2.259999990463257,2.309999942779541,2.259999990463257,2.299999952316284,18213100,0,1
2019-07-08,2.2799999713897705,2.2799999713897705,2.240000009536743,2.259999990463257,9735900,0,1
2019-07-09,2.240000009536743,2.25,2.1700000762939453,2.180000066757202,23488400,0,1
2019-07-10,2.180000066757202,2.2100000381469727,2.1700000762939453,2.190000057220459,18458800,0,1
2019-07-11,2.200000047683716,2.200000047683716,2.1600000858306885,2.180000066757202,17102200,0,1
2019-07-12,2.1700000762939453,2.180000066757202,2.130000114440918,2.1500000953674316,19089700,0,1
2019-07-15,2.140000104904175,2.190000057220459,2.130000114440918,2.1500000953674316,14900000,0,1
2019-07-16,2.1500000953674316,2.190000057220459,2.1500000953674316,2.180000066757202,9600900,0,1
2019-07-17,2.190000057220459,2.190000057220459,2.1600000858306885,2.1700000762939453,12529400,0,1
2019-07-18,2.140000104904175,2.1500000953674316,2.130000114440918,2.1500000953674316,20204200,0,1
2019-07-19,2.1500000953674316,2.1600000858306885,2.140000104904175,2.1500000953674316,17302800,0,1
2019-07-22,2.1500000953674316,2.1600000858306885,2.130000114440918,2.140000104904175,11895600,0,1
2019-07-23,2.140000104904175,2.1600000858306885,2.140000104904175,2.1600000858306885,4941900,0,1
2019-07-24,2.1600000858306885,2.1700000762939453,2.140000104904175,2.1500000953674316,7295900,0,1
2019-07-25,2.0999999046325684,2.109999895095825,2.0899999141693115,2.109999895095825,8948200,0,1
2019-07-26,2.109999895095825,2.119999885559082,2.0899999141693115,2.119999885559082,10307000,0,1
2019-07-29,2.119999885559082,2.119999885559082,2.0799999237060547,2.0899999141693115,11588300,0,1
2019-07-30,2.0899999141693115,2.109999895095825,2.0899999141693115,2.109999895095825,23519400,0,1
2019-07-31,2.109999895095825,2.109999895095825,2.059999942779541,2.059999942779541,23733500,0,1
2019-08-01,2.059999942779541,2.059999942779541,2.0399999618530273,2.059999942779541,9077600,0,1
2019-08-02,2.049999952316284,2.0899999141693115,2.0399999618530273,2.0899999141693115,22492800,0,1
2019-08-05,2.0899999141693115,2.0899999141693115,2.0399999618530273,2.049999952316284,18199600,0,1
2019-08-06,2.0399999618530273,2.049999952316284,2.009999990463257,2.0299999713897705,13795400,0,1
2019-08-07,2.0199999809265137,2.0399999618530273,2.009999990463257,2.0299999713897705,8807000,0,1
2019-08-08,2.0199999809265137,2.0399999618530273,2.009999990463257,2.0399999618530273,13503700,0,1
2019-08-13,2.059999942779541,2.069999933242798,2.0399999618530273,2.059999942779541,10947600,0,1
2019-08-14,2.069999933242798,2.0799999237060547,2.009999990463257,2.0299999713897705,27223700,0,1
2019-08-15,2.0199999809265137,2.069999933242798,2.009999990463257,2.069999933242798,8657900,0,1
2019-08-16,2.069999933242798,2.0799999237060547,2.049999952316284,2.0799999237060547,14127700,0,1
2019-08-19,2.0899999141693115,2.0899999141693115,2.059999942779541,2.0799999237060547,6770500,0,1
2019-08-20,2.0799999237060547,2.0899999141693115,2.069999933242798,2.0899999141693115,8265500,0,1
2019-08-21,2.0799999237060547,2.0999999046325684,2.0799999237060547,2.0799999237060547,7461900,0,1
2019-08-22,2.0799999237060547,2.0899999141693115,2.069999933242798,2.0799999237060547,7137200,0,1
2019-08-23,2.0899999141693115,2.0999999046325684,2.069999933242798,2.069999933242798,8073000,0,1
2019-08-26,2.069999933242798,2.0899999141693115,2.049999952316284,2.0799999237060547,7176000,0,1
2019-08-27,2.0799999237060547,2.0999999046325684,2.069999933242798,2.0799999237060547,10752800,0,1
2019-08-28,2.0899999141693115,2.130000114440918,2.0799999237060547,2.109999895095825,15893600,0,1
2019-08-29,2.0999999046325684,2.130000114440918,2.0999999046325684,2.130000114440918,11670900,0,1
2019-08-30,2.140000104904175,2.140000104904175,2.130000114440918,2.130000114440918,6334400,0,1
2019-09-02,2.130000114440918,2.140000104904175,2.119999885559082,2.130000114440918,3014500,0,1
2019-09-03,2.119999885559082,2.130000114440918,2.119999885559082,2.130000114440918,5298300,0,1
2019-09-04,2.140000104904175,2.2100000381469727,2.130000114440918,2.1600000858306885,15859600,0,1
2019-09-05,2.1700000762939453,2.190000057220459,2.1600000858306885,2.190000057220459,6376500,0,1
2019-09-06,2.190000057220459,2.200000047683716,2.1500000953674316,2.1700000762939453,14348400,0,1
2019-09-09,2.1700000762939453,2.180000066757202,2.140000104904175,2.1500000953674316,5419000,0,1
2019-09-10,2.140000104904175,2.140000104904175,2.0899999141693115,2.119999885559082,13454800,0,1
2019-09-11,2.119999885559082,2.119999885559082,2.0899999141693115,2.109999895095825,10505200,0,1
2019-09-12,2.109999895095825,2.109999895095825,2.059999942779541,2.109999895095825,15131400,0,1
2019-09-13,2.119999885559082,2.130000114440918,2.0999999046325684,2.0999999046325684,5419200,0,1
2019-09-16,2.109999895095825,2.1500000953674316,2.0999999046325684,2.130000114440918,10424400,0,1
2019-09-17,2.140000104904175,2.140000104904175,2.109999895095825,2.130000114440918,7015200,0,1
2019-09-18,2.140000104904175,2.1600000858306885,2.119999885559082,2.130000114440918,10662300,0,1
2019-09-19,2.130000114440918,2.130000114440918,2.109999895095825,2.130000114440918,5976000,0,1
2019-09-20,2.130000114440918,2.1500000953674316,2.109999895095825,2.119999885559082,15204600,0,1
2019-09-23,2.119999885559082,2.130000114440918,2.0999999046325684,2.109999895095825,4374700,0,1
2019-09-24,2.109999895095825,2.119999885559082,2.0999999046325684,2.0999999046325684,12398600,0,1
2019-09-25,2.0999999046325684,2.119999885559082,2.0999999046325684,2.109999895095825,8134200,0,1
2019-09-26,2.109999895095825,2.109999895095825,2.0799999237060547,2.0899999141693115,14172600,0,1
2019-09-27,2.0799999237060547,2.0899999141693115,2.069999933242798,2.0799999237060547,10441200,0,1
2019-09-30,2.069999933242798,2.0799999237060547,2.049999952316284,2.069999933242798,14278100,0,1
2019-10-01,2.069999933242798,2.0999999046325684,2.069999933242798,2.0799999237060547,7341000,0,1
2019-10-02,2.069999933242798,2.0899999141693115,2.0399999618530273,2.049999952316284,14644300,0,1
2019-10-03,2.049999952316284,2.049999952316284,2.0299999713897705,2.0399999618530273,8879700,0,1
2019-10-04,2.0299999713897705,2.059999942779541,2.0299999713897705,2.049999952316284,7032400,0,1
2019-10-07,2.049999952316284,2.059999942779541,2.0299999713897705,2.049999952316284,6994100,0,1
2019-10-08,2.059999942779541,2.0899999141693115,2.049999952316284,2.0799999237060547,8760000,0,1
2019-10-09,2.069999933242798,2.0799999237060547,2.049999952316284,2.069999933242798,6230900,0,1
2019-10-10,2.049999952316284,2.0799999237060547,2.049999952316284,2.059999942779541,3837600,0,1
2019-10-11,2.059999942779541,2.069999933242798,2.0399999618530273,2.069999933242798,10912100,0,1
2019-10-14,2.0799999237060547,2.0899999141693115,2.059999942779541,2.069999933242798,7336000,0,1
2019-10-15,2.069999933242798,2.0799999237060547,2.049999952316284,2.049999952316284,6373400,0,1
2019-10-16,2.069999933242798,2.069999933242798,2.049999952316284,2.059999942779541,7747400,0,1
2019-10-17,2.059999942779541,2.059999942779541,2.0399999618530273,2.049999952316284,6122400,0,1
2019-10-18,2.049999952316284,2.069999933242798,2.049999952316284,2.069999933242798,7504200,0,1
2019-10-21,2.059999942779541,2.0799999237060547,2.049999952316284,2.059999942779541,5707400,0,1
2019-10-22,2.069999933242798,2.0799999237060547,2.049999952316284,2.049999952316284,6534200,0,1
2019-10-23,2.059999942779541,2.059999942779541,2.0299999713897705,2.0399999618530273,8693100,0,1
2019-10-24,2.0299999713897705,2.049999952316284,2.009999990463257,2.049999952316284,14609100,0,1
2019-10-25,2.059999942779541,2.069999933242798,2.0399999618530273,2.049999952316284,7490400,0,1
2019-10-29,2.069999933242798,2.069999933242798,2.0299999713897705,2.0399999618530273,8797500,0,1
2019-10-30,2.0399999618530273,2.049999952316284,2.0299999713897705,2.049999952316284,9785900,0,1
2019-10-31,2.049999952316284,2.059999942779541,2.0299999713897705,2.049999952316284,15901400,0,1
2019-11-01,2.0399999618530273,2.059999942779541,2.0199999809265137,2.049999952316284,11193600,0,1
2019-11-04,2.049999952316284,2.069999933242798,2.0399999618530273,2.059999942779541,7265700,0,1
2019-11-05,2.049999952316284,2.069999933242798,2.049999952316284,2.059999942779541,9276700,0,1
2019-11-06,2.069999933242798,2.0799999237060547,2.0399999618530273,2.059999942779541,16874000,0,1
2019-11-07,2.059999942779541,2.059999942779541,2.0399999618530273,2.049999952316284,8598800,0,1
2019-11-08,2.059999942779541,2.069999933242798,2.0,2.0199999809265137,19177200,0,1
2019-11-11,2.009999990463257,2.0199999809265137,1.940000057220459,1.9900000095367432,24426200,0,1
2019-11-12,2.0,2.0,1.9600000381469727,1.9800000190734863,10864800,0,1
2019-11-13,1.9800000190734863,2.009999990463257,1.9700000286102295,2.0,8128800,0,1
2019-11-14,2.0,2.009999990463257,1.9800000190734863,1.9900000095367432,9378800,0,1
2019-11-15,1.9900000095367432,1.9900000095367432,1.9700000286102295,1.9800000190734863,8062300,0,1
2019-11-18,1.9800000190734863,2.0,1.9700000286102295,1.9900000095367432,6898100,0,1
2019-11-19,1.9900000095367432,2.009999990463257,1.9900000095367432,2.009999990463257,9433300,0,1
2019-11-20,2.0,2.0,1.9600000381469727,1.9900000095367432,13932200,0,1
2019-11-21,1.9800000190734863,1.9900000095367432,1.9600000381469727,1.9700000286102295,7888000,0,1
2019-11-22,1.9700000286102295,2.0,1.9600000381469727,1.9900000095367432,7190500,0,1
2019-11-25,2.0,2.0,1.9600000381469727,1.9800000190734863,8446200,0,1
2019-11-26,1.9900000095367432,2.009999990463257,1.9700000286102295,1.9800000190734863,27616300,0,1
2019-11-27,2.0,2.0299999713897705,1.9900000095367432,2.0199999809265137,21432800,0,1
2019-11-28,2.0199999809265137,2.0299999713897705,2.0,2.009999990463257,6554500,0,1
2019-11-29,2.009999990463257,2.0199999809265137,1.9900000095367432,2.009999990463257,8470400,0,1
2019-12-02,2.0199999809265137,2.0299999713897705,2.0,2.0199999809265137,5242500,0,1
2019-12-03,2.0199999809265137,2.0199999809265137,1.9900000095367432,2.009999990463257,5496600,0,1
2019-12-04,1.9900000095367432,2.0,1.9800000190734863,2.0,6145000,0,1
2019-12-05,2.0,2.009999990463257,1.9900000095367432,1.9900000095367432,3976700,0,1
2019-12-06,2.0,2.0299999713897705,2.0,2.0199999809265137,8177100,0,1
2019-12-09,2.009999990463257,2.009999990463257,1.9900000095367432,2.0,4676000,0,1
2019-12-10,2.0,2.009999990463257,1.9900000095367432,1.9900000095367432,7720800,0,1
2019-12-11,1.9900000095367432,2.009999990463257,1.9800000190734863,1.9900000095367432,6802500,0,1
2019-12-12,2.0,2.009999990463257,1.9900000095367432,1.9900000095367432,7418600,0,1
2019-12-13,1.9900000095367432,2.0,1.9700000286102295,1.9700000286102295,12768800,0,1
2019-12-16,1.9800000190734863,1.9800000190734863,1.9500000476837158,1.9700000286102295,5754800,0,1
2019-12-17,1.9800000190734863,1.9800000190734863,1.9500000476837158,1.9600000381469727,7855900,0,1
2019-12-18,1.9500000476837158,1.9800000190734863,1.940000057220459,1.9600000381469727,9385500,0,1
2019-12-19,1.9700000286102295,1.9700000286102295,1.940000057220459,1.9700000286102295,6543000,0,1
2019-12-20,1.9800000190734863,1.9900000095367432,1.9600000381469727,1.9600000381469727,12192300,0,1
2019-12-23,1.9700000286102295,1.9700000286102295,1.9500000476837158,1.9600000381469727,7574900,0,1
2019-12-24,1.9600000381469727,1.9800000190734863,1.9500000476837158,1.9700000286102295,3205900,0,1
2019-12-25,1.9700000286102295,1.9700000286102295,1.9700000286102295,1.9700000286102295,0,0,1
2019-12-26,1.9700000286102295,1.9900000095367432,1.9600000381469727,1.9800000190734863,2221100,0,1
2019-12-27,1.9800000190734863,2.0,1.9700000286102295,1.9800000190734863,2934700,0,1
2019-12-30,1.9900000095367432,1.9900000095367432,1.9700000286102295,1.9900000095367432,3645700,0,1
2019-12-31,1.9800000190734863,1.9900000095367432,1.9700000286102295,1.9900000095367432,3615200,0,1
2020-01-02,1.9900000095367432,2.0199999809265137,1.9800000190734863,2.0,8558700,0,1
2020-01-03,2.009999990463257,2.0199999809265137,1.9800000190734863,2.0,5159300,0,1
2020-01-06,1.9900000095367432,2.0199999809265137,1.9800000190734863,2.0,7678900,0,1
2020-01-07,2.009999990463257,2.0299999713897705,2.009999990463257,2.0299999713897705,10656100,0,1
2020-01-08,2.009999990463257,2.0299999713897705,1.9900000095367432,2.0299999713897705,11781700,0,1
2020-01-09,2.0399999618530273,2.0799999237060547,2.0299999713897705,2.059999942779541,21944800,0,1
2020-01-10,2.049999952316284,2.0999999046325684,2.049999952316284,2.0799999237060547,20691300,0,1
2020-01-13,2.0899999141693115,2.0999999046325684,2.069999933242798,2.0899999141693115,13903800,0,1
2020-01-14,2.0799999237060547,2.109999895095825,2.0799999237060547,2.109999895095825,14956500,0,1
2020-01-15,2.109999895095825,2.119999885559082,2.0799999237060547,2.109999895095825,14173200,0,1
2020-01-16,2.109999895095825,2.1500000953674316,2.109999895095825,2.140000104904175,23214829,0,1
2020-01-17,2.140000104904175,2.140000104904175,2.0999999046325684,2.140000104904175,10139400,0,1
2020-01-20,2.140000104904175,2.1600000858306885,2.119999885559082,2.1500000953674316,8988700,0,1
2020-01-21,2.140000104904175,2.1500000953674316,2.109999895095825,2.130000114440918,8633900,0,1
2020-01-22,2.130000114440918,2.130000114440918,2.130000114440918,2.130000114440918,0,0,1
2020-01-23,2.1500000953674316,2.200000047683716,2.119999885559082,2.119999885559082,39837900,0,1
2020-01-24,2.130000114440918,2.1500000953674316,2.130000114440918,2.140000104904175,7604900,0,1
2020-01-28,2.119999885559082,2.140000104904175,2.059999942779541,2.119999885559082,21771188,0,1
2020-01-29,2.0799999237060547,2.0999999046325684,2.059999942779541,2.0799999237060547,9730800,0,1
2020-01-30,2.0799999237060547,2.0899999141693115,2.059999942779541,2.0799999237060547,7640800,0,1
2020-01-31,2.069999933242798,2.0799999237060547,2.049999952316284,2.059999942779541,12804000,0,1
2020-02-03,2.049999952316284,2.059999942779541,2.009999990463257,2.0399999618530273,7525100,0,1
2020-02-04,2.0399999618530273,2.059999942779541,2.0299999713897705,2.0299999713897705,10837800,0,1
2020-02-05,2.0299999713897705,2.069999933242798,2.0299999713897705,2.069999933242798,15404200,0,1
2020-02-06,2.0799999237060547,2.0799999237060547,2.0399999618530273,2.0399999618530273,12848300,0,1
2020-02-07,2.0299999713897705,2.049999952316284,2.009999990463257,2.0399999618530273,15818300,0,1
2020-02-10,2.0299999713897705,2.0399999618530273,2.0199999809265137,2.0399999618530273,6238100,0,1
2020-02-11,2.0399999618530273,2.049999952316284,2.0299999713897705,2.0399999618530273,10294000,0,1
2020-02-12,2.049999952316284,2.0899999141693115,2.0399999618530273,2.0899999141693115,17479500,0,1
2020-02-13,2.0899999141693115,2.0999999046325684,2.069999933242798,2.0899999141693115,7500800,0,1
2020-02-14,2.0899999141693115,2.0999999046325684,2.069999933242798,2.0799999237060547,10971700,0,1
2020-02-17,2.0899999141693115,2.0899999141693115,2.059999942779541,2.069999933242798,8305200,0,1
2020-02-18,2.049999952316284,2.069999933242798,2.0399999618530273,2.069999933242798,12480000,0,1
2020-02-19,2.069999933242798,2.0899999141693115,2.059999942779541,2.0799999237060547,7902300,0,1
2020-02-20,2.0799999237060547,2.0899999141693115,2.049999952316284,2.059999942779541,11297000,0,1
2020-02-21,2.049999952316284,2.069999933242798,2.0299999713897705,2.0399999618530273,8970500,0,1
2020-02-24,2.0199999809265137,2.0399999618530273,2.009999990463257,2.009999990463257,14756600,0,1
2020-02-25,2.009999990463257,2.049999952316284,1.9900000095367432,2.009999990463257,20339700,0,1
2020-02-26,2.0,2.009999990463257,1.9700000286102295,1.9700000286102295,14402900,0,1
2020-02-27,1.9700000286102295,1.9800000190734863,1.940000057220459,1.9600000381469727,16410900,0,1
2020-02-28,1.9199999570846558,1.940000057220459,1.8600000143051147,1.8600000143051147,26581000,0,1
2020-03-02,1.8300000429153442,1.9299999475479126,1.8200000524520874,1.899999976158142,25248000,0,1
2020-03-03,1.909999966621399,1.940000057220459,1.8899999856948853,1.9199999570846558,18996300,0,1
2020-03-04,1.940000057220459,2.049999952316284,1.940000057220459,2.0299999713897705,35662300,0,1
2020-03-05,2.0399999618530273,2.069999933242798,2.0199999809265137,2.049999952316284,22749200,0,1
2020-03-06,2.0199999809265137,2.0399999618530273,2.009999990463257,2.009999990463257,12577300,0,1
2020-03-09,1.9800000190734863,1.9900000095367432,1.9199999570846558,1.9500000476837158,16773700,0,1
2020-03-10,1.9199999570846558,2.0,1.899999976158142,1.9700000286102295,21553200,0,1
2020-03-11,1.9600000381469727,1.9600000381469727,1.8899999856948853,1.9299999475479126,13111400,0,1
2020-03-12,1.909999966621399,1.9199999570846558,1.8200000524520874,1.8300000429153442,26424500,0,1
2020-03-13,1.7300000190734863,1.8300000429153442,1.7100000381469727,1.7799999713897705,28102700,0,1
2020-03-16,1.7300000190734863,1.7599999904632568,1.6299999952316284,1.6299999952316284,31885900,0,1
2020-03-17,1.5700000524520874,1.6299999952316284,1.5499999523162842,1.5499999523162842,32838311,0,1
2020-03-18,1.5499999523162842,1.5499999523162842,1.5499999523162842,1.5499999523162842,0,0,1
2020-03-19,1.5199999809265137,1.5399999618530273,1.4299999475479126,1.4800000190734863,30589000,0,1
2020-03-20,1.4800000190734863,1.5499999523162842,1.4700000286102295,1.4900000095367432,37911900,0,1
2020-03-23,1.399999976158142,1.399999976158142,1.2999999523162842,1.3799999952316284,28306800,0,1
2020-03-24,1.409999966621399,1.4700000286102295,1.350000023841858,1.4600000381469727,32890860,0,1
2020-03-25,1.5099999904632568,1.600000023841858,1.4800000190734863,1.5700000524520874,25872076,0,1
2020-03-26,1.5800000429153442,1.590000033378601,1.4800000190734863,1.5099999904632568,23890000,0,1
2020-03-27,1.559999942779541,1.590000033378601,1.5499999523162842,1.559999942779541,17590200,0,1
2020-03-30,1.5199999809265137,1.5199999809265137,1.4600000381469727,1.4900000095367432,16814500,0,1
2020-03-31,1.5099999904632568,1.5299999713897705,1.4900000095367432,1.5299999713897705,34357962,0,1
2020-04-01,1.5,1.5199999809265137,1.440000057220459,1.4600000381469727,14801800,0,1
2020-04-02,1.4199999570846558,1.4299999475479126,1.3799999952316284,1.4299999475479126,19692800,0,1
2020-04-03,1.3899999856948853,1.409999966621399,1.2999999523162842,1.3300000429153442,29816400,0,1
2020-04-06,1.350000023841858,1.399999976158142,1.3200000524520874,1.3899999856948853,17635900,0,1
